[1;38;2;79;142;247;48;2;22;27;37m▌kb[m[38;2;215;220;229;48;2;22;27;37m  board[m[38;2;92;100;116;48;2;22;27;37m · [m[38;2;215;220;229;48;2;22;27;37mkb/main[m[38;2;92;100;116;48;2;22;27;37m   [m[38;2;139;147;163;48;2;22;27;37m7 open[m[38;2;92;100;116;48;2;22;27;37m  ·  [m[38;2;139;147;163;48;2;22;27;37m6 cancelled hidden[m[38;2;92;100;116;48;2;22;27;37m  ·  [m[38;2;139;147;163;48;2;22;27;37mtruecolor[m[38;2;139;147;163;48;2;22;27;37m                                                                                                                                     [m[38;2;139;147;163;48;2;22;27;37m [m
[38;2;139;147;163;48;2;13;16;23m ⌕ [m[38;2;92;100;116;48;2;13;16;23mfilter cards[m[38;2;92;100;116;48;2;13;16;23m   [m[48;2;79;142;247m [m[1;38;2;13;16;23;48;2;79;142;247mx area::tui[m[48;2;79;142;247m [m[38;2;92;100;116;48;2;13;16;23m [m[48;2;22;27;37m [m[38;2;139;147;163;48;2;22;27;37m+ type::bug[m[48;2;22;27;37m [m[38;2;92;100;116;48;2;13;16;23m [m[48;2;22;27;37m [m[38;2;139;147;163;48;2;22;27;37m+ github#12[m[48;2;22;27;37m [m[38;2;92;100;116;48;2;13;16;23m [m[48;2;22;27;37m [m[38;2;139;147;163;48;2;22;27;37m+ risk::high[m[48;2;22;27;37m [m[38;2;92;100;116;48;2;13;16;23m                                                                                                               [m[38;2;92;100;116;48;2;13;16;23m10 of 16 cards [m
[38;2;79;142;247;48;2;18;22;31m╭──────────────────────────────────────────────────────────────╮[m[48;2;13;16;23m[m[48;2;13;16;23m [m[38;2;37;44;58;48;2;18;22;31m╭──────────────────────────────────────────────────────────────╮[m[48;2;13;16;23m[m[48;2;13;16;23m [m[38;2;37;44;58;48;2;18;22;31m╭──────────────────────────────────────────────────────────────╮[m[48;2;13;16;23m[m[48;2;13;16;23m [m[38;2;37;44;58;48;2;18;22;31m╭───╮[m[48;2;13;16;23m[m[48;2;13;16;23m[m
[38;2;79;142;247;48;2;18;22;31m│[m[48;2;34;49;77m [m[38;2;122;162;247;48;2;34;49;77m●[m[1;38;2;215;220;229;48;2;34;49;77m TO DO[m[48;2;34;49;77m                                                    [m[1;38;2;79;142;247;48;2;34;49;77m4 [m[38;2;79;142;247;48;2;18;22;31m│[m[48;2;13;16;23m[m[48;2;13;16;23m [m[38;2;37;44;58;48;2;18;22;31m│[m[48;2;26;31;43m [m[38;2;224;175;104;48;2;26;31;43m●[m[1;38;2;139;147;163;48;2;26;31;43m DOING[m[48;2;26;31;43m                                                    [m[38;2;92;100;116;48;2;26;31;43m3 [m[38;2;37;44;58;48;2;18;22;31m│[m[48;2;13;16;23m[m[48;2;13;16;23m [m[38;2;37;44;58;48;2;18;22;31m│[m[48;2;26;31;43m [m[38;2;158;206;106;48;2;26;31;43m●[m[1;38;2;139;147;163;48;2;26;31;43m DONE[m[48;2;26;31;43m                                                     [m[38;2;92;100;116;48;2;26;31;43m3 [m[38;2;37;44;58;48;2;18;22;31m│[m[48;2;13;16;23m[m[48;2;13;16;23m [m[38;2;37;44;58;48;2;18;22;31m│[m[48;2;26;31;43m [m[38;2;107;114;128;48;2;26;31;43m⊘[m[48;2;26;31;43m [m[38;2;37;44;58;48;2;18;22;31m│[m[48;2;13;16;23m[m[48;2;13;16;23m[m
[38;2;79;142;247;48;2;18;22;31m├──────────────────────────────────────────────────────────────┤[m[48;2;13;16;23m[m[48;2;13;16;23m [m[38;2;37;44;58;48;2;18;22;31m├──────────────────────────────────────────────────────────────┤[m[48;2;13;16;23m[m[48;2;13;16;23m [m[38;2;37;44;58;48;2;18;22;31m├──────────────────────────────────────────────────────────────┤[m[48;2;13;16;23m[m[48;2;13;16;23m [m[38;2;37;44;58;48;2;18;22;31m├───┤[m[48;2;13;16;23m[m[48;2;13;16;23m[m
[38;2;79;142;247;48;2;18;22;31m│[m[48;2;18;22;31m [m[38;2;79;142;247;48;2;18;22;31m╭──────────────────────────────────────────────────────────╮[m[48;2;18;22;31m [m[38;2;79;142;247;48;2;18;22;31m│[m[48;2;13;16;23m[m[48;2;13;16;23m [m[38;2;37;44;58;48;2;18;22;31m│[m[48;2;18;22;31m [m[38;2;46;54;70;48;2;18;22;31m╭──────────────────────────────────────────────────────────╮[m[48;2;18;22;31m [m[38;2;37;44;58;48;2;18;22;31m│[m[48;2;13;16;23m[m[48;2;13;16;23m [m[38;2;37;44;58;48;2;18;22;31m│[m[48;2;18;22;31m [m[38;2;46;54;70;48;2;18;22;31m╭──────────────────────────────────────────────────────────╮[m[48;2;18;22;31m [m[38;2;37;44;58;48;2;18;22;31m│[m[48;2;13;16;23m[m[48;2;13;16;23m [m[38;2;37;44;58;48;2;18;22;31m│[m[48;2;18;22;31m [m[1;38;2;139;147;163;48;2;18;22;31m6[m[48;2;18;22;31m [m[38;2;37;44;58;48;2;18;22;31m│[m[48;2;13;16;23m[m[48;2;13;16;23m[m
[38;2;79;142;247;48;2;18;22;31m│[m[48;2;18;22;31m [m[38;2;79;142;247;48;2;18;22;31m│[m[48;2;30;38;55m [m[48;2;30;38;55m[1;38;2;215;220;229;48;2;30;38;55m🐛 Pointer hit-test drifts on wrapped meta[m[38;2;139;147;163;48;2;30;38;55m              [m[m[48;2;30;38;55m [m[38;2;79;142;247;48;2;18;22;31m│[m[48;2;18;22;31m [m[38;2;79;142;247;48;2;18;22;31m│[m[48;2;13;16;23m[m[48;2;13;16;23m [m[38;2;37;44;58;48;2;18;22;31m│[m[48;2;18;22;31m [m[38;2;46;54;70;48;2;18;22;31m│[m[48;2;22;27;37m [m[48;2;22;27;37m[1;38;2;215;220;229;48;2;22;27;37m🚀 Panel-framed board columns[m[38;2;139;147;163;48;2;22;27;37m                           [m[m[48;2;22;27;37m [m[38;2;46;54;70;48;2;18;22;31m│[m[48;2;18;22;31m [m[38;2;37;44;58;48;2;18;22;31m│[m[48;2;13;16;23m[m[48;2;13;16;23m [m[38;2;37;44;58;48;2;18;22;31m│[m[48;2;18;22;31m [m[38;2;46;54;70;48;2;18;22;31m│[m[48;2;22;27;37m [m[48;2;22;27;37m[1;38;2;215;220;229;48;2;22;27;37m📦 lipgloss v2 design-system research[m[38;2;139;147;163;48;2;22;27;37m                   [m[m[48;2;22;27;37m [m[38;2;46;54;70;48;2;18;22;31m│[m[48;2;18;22;31m [m[38;2;37;44;58;48;2;18;22;31m│[m[48;2;13;16;23m[m[48;2;13;16;23m [m[38;2;37;44;58;48;2;18;22;31m│[m[48;2;18;22;31m [m[38;2;92;100;116;48;2;18;22;31m[m[48;2;18;22;31m  [m[38;2;37;44;58;48;2;18;22;31m│[m[48;2;13;16;23m[m[48;2;13;16;23m[m
[38;2;79;142;247;48;2;18;22;31m│[m[48;2;18;22;31m [m[38;2;79;142;247;48;2;18;22;31m│[m[48;2;30;38;55m [m[48;2;30;38;55m[38;2;79;142;247;48;2;30;38;55m#142[m[38;2;139;147;163;48;2;30;38;55m                                              [m[38;2;139;147;163;48;2;30;38;55m3d old[m[m[48;2;30;38;55m [m[38;2;79;142;247;48;2;18;22;31m│[m[48;2;18;22;31m [m[38;2;79;142;247;48;2;18;22;31m│[m[48;2;13;16;23m[m[48;2;13;16;23m [m[38;2;37;44;58;48;2;18;22;31m│[m[48;2;18;22;31m [m[38;2;46;54;70;48;2;18;22;31m│[m[48;2;22;27;37m [m[48;2;22;27;37m[38;2;92;100;116;48;2;22;27;37m#140[m[38;2;139;147;163;48;2;22;27;37m                                             [m[38;2;139;147;163;48;2;22;27;37m5h here[m[m[48;2;22;27;37m [m[38;2;46;54;70;48;2;18;22;31m│[m[48;2;18;22;31m [m[38;2;37;44;58;48;2;18;22;31m│[m[48;2;13;16;23m[m[48;2;13;16;23m [m[38;2;37;44;58;48;2;18;22;31m│[m[48;2;18;22;31m [m[38;2;46;54;70;48;2;18;22;31m│[m[48;2;22;27;37m [m[48;2;22;27;37m[38;2;92;100;116;48;2;22;27;37m#138[m[38;2;139;147;163;48;2;22;27;37m                                             [m[38;2;139;147;163;48;2;22;27;37mshipped[m[m[48;2;22;27;37m [m[38;2;46;54;70;48;2;18;22;31m│[m[48;2;18;22;31m [m[38;2;37;44;58;48;2;18;22;31m│[m[48;2;13;16;23m[m[48;2;13;16;23m [m[38;2;37;44;58;48;2;18;22;31m│[m[48;2;18;22;31m [m[38;2;92;100;116;48;2;18;22;31m[m[48;2;18;22;31m  [m[38;2;37;44;58;48;2;18;22;31m│[m[48;2;13;16;23m[m[48;2;13;16;23m[m
[38;2;79;142;247;48;2;18;22;31m│[m[48;2;18;22;31m [m[38;2;79;142;247;48;2;18;22;31m│[m[48;2;30;38;55m [m[48;2;30;38;55m[38;2;34;40;54;48;2;30;38;55m╌╌╌╌╌╌╌╌╌╌╌╌╌╌╌╌╌╌╌╌╌╌╌╌╌╌╌╌╌╌╌╌╌╌╌╌╌╌╌╌╌╌╌╌╌╌╌╌╌╌╌╌╌╌╌╌[m[m[48;2;30;38;55m [m[38;2;79;142;247;48;2;18;22;31m│[m[48;2;18;22;31m [m[38;2;79;142;247;48;2;18;22;31m│[m[48;2;13;16;23m[m[48;2;13;16;23m [m[38;2;37;44;58;48;2;18;22;31m│[m[48;2;18;22;31m [m[38;2;46;54;70;48;2;18;22;31m│[m[48;2;22;27;37m [m[48;2;22;27;37m[38;2;34;40;54;48;2;22;27;37m╌╌╌╌╌╌╌╌╌╌╌╌╌╌╌╌╌╌╌╌╌╌╌╌╌╌╌╌╌╌╌╌╌╌╌╌╌╌╌╌╌╌╌╌╌╌╌╌╌╌╌╌╌╌╌╌[m[m[48;2;22;27;37m [m[38;2;46;54;70;48;2;18;22;31m│[m[48;2;18;22;31m [m[38;2;37;44;58;48;2;18;22;31m│[m[48;2;13;16;23m[m[48;2;13;16;23m [m[38;2;37;44;58;48;2;18;22;31m│[m[48;2;18;22;31m [m[38;2;46;54;70;48;2;18;22;31m│[m[48;2;22;27;37m [m[48;2;22;27;37m[38;2;34;40;54;48;2;22;27;37m╌╌╌╌╌╌╌╌╌╌╌╌╌╌╌╌╌╌╌╌╌╌╌╌╌╌╌╌╌╌╌╌╌╌╌╌╌╌╌╌╌╌╌╌╌╌╌╌╌╌╌╌╌╌╌╌[m[m[48;2;22;27;37m [m[38;2;46;54;70;48;2;18;22;31m│[m[48;2;18;22;31m [m[38;2;37;44;58;48;2;18;22;31m│[m[48;2;13;16;23m[m[48;2;13;16;23m [m[38;2;37;44;58;48;2;18;22;31m│[m[48;2;18;22;31m [m[38;2;92;100;116;48;2;18;22;31m[m[48;2;18;22;31m  [m[38;2;37;44;58;48;2;18;22;31m│[m[48;2;13;16;23m[m[48;2;13;16;23m[m
[38;2;79;142;247;48;2;18;22;31m│[m[48;2;18;22;31m [m[38;2;79;142;247;48;2;18;22;31m│[m[48;2;30;38;55m [m[48;2;30;38;55m[38;2;92;100;116;48;2;30;38;55mLabel spans are computed before the meta line wraps, so[m[38;2;139;147;163;48;2;30;38;55m [m[m[48;2;30;38;55m [m[38;2;79;142;247;48;2;18;22;31m│[m[48;2;18;22;31m [m[38;2;79;142;247;48;2;18;22;31m│[m[48;2;13;16;23m[m[48;2;13;16;23m [m[38;2;37;44;58;48;2;18;22;31m│[m[48;2;18;22;31m [m[38;2;46;54;70;48;2;18;22;31m│[m[48;2;22;27;37m [m[48;2;22;27;37m[38;2;92;100;116;48;2;22;27;37mGive each status column a real box with its own header[m[38;2;139;147;163;48;2;22;27;37m  [m[m[48;2;22;27;37m [m[38;2;46;54;70;48;2;18;22;31m│[m[48;2;18;22;31m [m[38;2;37;44;58;48;2;18;22;31m│[m[48;2;13;16;23m[m[48;2;13;16;23m [m[38;2;37;44;58;48;2;18;22;31m│[m[48;2;18;22;31m [m[38;2;46;54;70;48;2;18;22;31m│[m[48;2;22;27;37m [m[48;2;22;27;37m[38;2;92;100;116;48;2;22;27;37mSurveyed the v2 style, layer, and canvas APIs and wrote[m[38;2;139;147;163;48;2;22;27;37m [m[m[48;2;22;27;37m [m[38;2;46;54;70;48;2;18;22;31m│[m[48;2;18;22;31m [m[38;2;37;44;58;48;2;18;22;31m│[m[48;2;13;16;23m[m[48;2;13;16;23m [m[38;2;37;44;58;48;2;18;22;31m│[m[48;2;18;22;31m [m[38;2;92;100;116;48;2;18;22;31m[m[48;2;18;22;31m  [m[38;2;37;44;58;48;2;18;22;31m│[m[48;2;13;16;23m[m[48;2;13;16;23m[m
[38;2;79;142;247;48;2;18;22;31m│[m[48;2;18;22;31m [m[38;2;79;142;247;48;2;18;22;31m│[m[48;2;30;38;55m [m[48;2;30;38;55m[38;2;92;100;116;48;2;30;38;55mthe second row of chips reports the x-range of the…[m[38;2;139;147;163;48;2;30;38;55m     [m[m[48;2;30;38;55m [m[38;2;79;142;247;48;2;18;22;31m│[m[48;2;18;22;31m [m[38;2;79;142;247;48;2;18;22;31m│[m[48;2;13;16;23m[m[48;2;13;16;23m [m[38;2;37;44;58;48;2;18;22;31m│[m[48;2;18;22;31m [m[38;2;46;54;70;48;2;18;22;31m│[m[48;2;22;27;37m [m[48;2;22;27;37m[38;2;92;100;116;48;2;22;27;37mband, count, and rule. The card stack sits inset by one…[m[38;2;139;147;163;48;2;22;27;37m[m[m[48;2;22;27;37m [m[38;2;46;54;70;48;2;18;22;31m│[m[48;2;18;22;31m [m[38;2;37;44;58;48;2;18;22;31m│[m[48;2;13;16;23m[m[48;2;13;16;23m [m[38;2;37;44;58;48;2;18;22;31m│[m[48;2;18;22;31m [m[38;2;46;54;70;48;2;18;22;31m│[m[48;2;22;27;37m [m[48;2;22;27;37m[38;2;92;100;116;48;2;22;27;37mup the posture this board follows: semantic tokens,…[m[38;2;139;147;163;48;2;22;27;37m    [m[m[48;2;22;27;37m [m[38;2;46;54;70;48;2;18;22;31m│[m[48;2;18;22;31m [m[38;2;37;44;58;48;2;18;22;31m│[m[48;2;13;16;23m[m[48;2;13;16;23m [m[38;2;37;44;58;48;2;18;22;31m│[m[48;2;18;22;31m [m[38;2;92;100;116;48;2;18;22;31m[m[48;2;18;22;31m  [m[38;2;37;44;58;48;2;18;22;31m│[m[48;2;13;16;23m[m[48;2;13;16;23m[m
[38;2;79;142;247;48;2;18;22;31m│[m[48;2;18;22;31m [m[38;2;79;142;247;48;2;18;22;31m│[m[48;2;30;38;55m [m[48;2;30;38;55m[1;38;2;255;138;122;48;2;58;26;24m P1 [m[38;2;139;147;163;48;2;30;38;55m [m[38;2;255;176;32;48;2;58;42;18m ⛔ blocked [m[38;2;139;147;163;48;2;30;38;55m [m[1;38;2;255;90;72;48;2;58;26;24m ◷ overdue 2d [m[38;2;139;147;163;48;2;30;38;55m [m[38;2;139;147;163;48;2;35;40;51m ◇ M [m[38;2;139;147;163;48;2;30;38;55m                  [m[m[48;2;30;38;55m [m[38;2;79;142;247;48;2;18;22;31m│[m[48;2;18;22;31m [m[38;2;79;142;247;48;2;18;22;31m│[m[48;2;13;16;23m[m[48;2;13;16;23m [m[38;2;37;44;58;48;2;18;22;31m│[m[48;2;18;22;31m [m[38;2;46;54;70;48;2;18;22;31m│[m[48;2;22;27;37m [m[48;2;22;27;37m[1;38;2;255;138;122;48;2;58;26;24m P1 [m[38;2;139;147;163;48;2;22;27;37m [m[38;2;158;206;106;48;2;22;48;31m ◷ today [m[38;2;139;147;163;48;2;22;27;37m [m[38;2;139;147;163;48;2;35;40;51m ◇ L [m[38;2;139;147;163;48;2;22;27;37m                                    [m[m[48;2;22;27;37m [m[38;2;46;54;70;48;2;18;22;31m│[m[48;2;18;22;31m [m[38;2;37;44;58;48;2;18;22;31m│[m[48;2;13;16;23m[m[48;2;13;16;23m [m[38;2;37;44;58;48;2;18;22;31m│[m[48;2;18;22;31m [m[38;2;46;54;70;48;2;18;22;31m│[m[48;2;22;27;37m [m[48;2;22;27;37m[1;38;2;255;196;107;48;2;58;44;18m P2 [m[38;2;139;147;163;48;2;22;27;37m [m[38;2;139;147;163;48;2;35;40;51m ◇ M [m[38;2;139;147;163;48;2;22;27;37m                                              [m[m[48;2;22;27;37m [m[38;2;46;54;70;48;2;18;22;31m│[m[48;2;18;22;31m [m[38;2;37;44;58;48;2;18;22;31m│[m[48;2;13;16;23m[m[48;2;13;16;23m [m[38;2;37;44;58;48;2;18;22;31m│[m[48;2;18;22;31m [m[38;2;92;100;116;48;2;18;22;31m[m[48;2;18;22;31m  [m[38;2;37;44;58;48;2;18;22;31m│[m[48;2;13;16;23m[m[48;2;13;16;23m[m
[38;2;79;142;247;48;2;18;22;31m│[m[48;2;18;22;31m [m[38;2;79;142;247;48;2;18;22;31m│[m[48;2;30;38;55m [m[48;2;30;38;55m[38;2;139;147;163;48;2;26;31;43m type:[m[38;2;255;196;107;48;2;51;41;15mbug [m[38;2;139;147;163;48;2;30;38;55m [m[38;2;139;147;163;48;2;26;31;43m area:[m[38;2;200;166;251;48;2;37;28;58mtui [m[38;2;139;147;163;48;2;30;38;55m [m[38;2;132;214;154;48;2;22;48;31m #github#12 [m[38;2;139;147;163;48;2;30;38;55m                      [m[m[48;2;30;38;55m [m[38;2;79;142;247;48;2;18;22;31m│[m[48;2;18;22;31m [m[38;2;79;142;247;48;2;18;22;31m│[m[48;2;13;16;23m[m[48;2;13;16;23m [m[38;2;37;44;58;48;2;18;22;31m│[m[48;2;18;22;31m [m[38;2;46;54;70;48;2;18;22;31m│[m[48;2;22;27;37m [m[48;2;22;27;37m[38;2;139;147;163;48;2;26;31;43m type:[m[38;2;255;196;107;48;2;51;41;15mfeature [m[38;2;139;147;163;48;2;22;27;37m [m[38;2;139;147;163;48;2;26;31;43m area:[m[38;2;200;166;251;48;2;37;28;58mtui [m[38;2;139;147;163;48;2;22;27;37m                               [m[m[48;2;22;27;37m [m[38;2;46;54;70;48;2;18;22;31m│[m[48;2;18;22;31m [m[38;2;37;44;58;48;2;18;22;31m│[m[48;2;13;16;23m[m[48;2;13;16;23m [m[38;2;37;44;58;48;2;18;22;31m│[m[48;2;18;22;31m [m[38;2;46;54;70;48;2;18;22;31m│[m[48;2;22;27;37m [m[48;2;22;27;37m[38;2;139;147;163;48;2;26;31;43m type:[m[38;2;138;180;248;48;2;22;40;63mspike [m[38;2;139;147;163;48;2;22;27;37m                                            [m[m[48;2;22;27;37m [m[38;2;46;54;70;48;2;18;22;31m│[m[48;2;18;22;31m [m[38;2;37;44;58;48;2;18;22;31m│[m[48;2;13;16;23m[m[48;2;13;16;23m [m[38;2;37;44;58;48;2;18;22;31m│[m[48;2;18;22;31m [m[38;2;92;100;116;48;2;18;22;31m[m[48;2;18;22;31m  [m[38;2;37;44;58;48;2;18;22;31m│[m[48;2;13;16;23m[m[48;2;13;16;23m[m
[38;2;79;142;247;48;2;18;22;31m│[m[48;2;18;22;31m [m[38;2;79;142;247;48;2;18;22;31m╰──────────────────────────────────────────────────────────╯[m[48;2;18;22;31m [m[38;2;79;142;247;48;2;18;22;31m│[m[48;2;13;16;23m[m[48;2;13;16;23m [m[38;2;37;44;58;48;2;18;22;31m│[m[48;2;18;22;31m [m[38;2;46;54;70;48;2;18;22;31m╰──────────────────────────────────────────────────────────╯[m[48;2;18;22;31m [m[38;2;37;44;58;48;2;18;22;31m│[m[48;2;13;16;23m[m[48;2;13;16;23m [m[38;2;37;44;58;48;2;18;22;31m│[m[48;2;18;22;31m [m[38;2;46;54;70;48;2;18;22;31m╰──────────────────────────────────────────────────────────╯[m[48;2;18;22;31m [m[38;2;37;44;58;48;2;18;22;31m│[m[48;2;13;16;23m[m[48;2;13;16;23m [m[38;2;37;44;58;48;2;18;22;31m│[m[48;2;18;22;31m [m[38;2;92;100;116;48;2;18;22;31m[m[48;2;18;22;31m  [m[38;2;37;44;58;48;2;18;22;31m│[m[48;2;13;16;23m[m[48;2;13;16;23m[m
[38;2;79;142;247;48;2;18;22;31m│[m[48;2;18;22;31m                                                              [m[38;2;79;142;247;48;2;18;22;31m│[m[48;2;13;16;23m[m[48;2;13;16;23m [m[38;2;37;44;58;48;2;18;22;31m│[m[48;2;18;22;31m                                                              [m[38;2;37;44;58;48;2;18;22;31m│[m[48;2;13;16;23m[m[48;2;13;16;23m [m[38;2;37;44;58;48;2;18;22;31m│[m[48;2;18;22;31m                                                              [m[38;2;37;44;58;48;2;18;22;31m│[m[48;2;13;16;23m[m[48;2;13;16;23m [m[38;2;37;44;58;48;2;18;22;31m│[m[48;2;18;22;31m [m[38;2;92;100;116;48;2;18;22;31m[m[48;2;18;22;31m  [m[38;2;37;44;58;48;2;18;22;31m│[m[48;2;13;16;23m[m[48;2;13;16;23m[m
[38;2;79;142;247;48;2;18;22;31m│[m[48;2;18;22;31m [m[38;2;46;54;70;48;2;18;22;31m╭──────────────────────────────────────────────────────────╮[m[48;2;18;22;31m [m[38;2;79;142;247;48;2;18;22;31m│[m[48;2;13;16;23m[m[48;2;13;16;23m [m[38;2;37;44;58;48;2;18;22;31m│[m[48;2;18;22;31m [m[38;2;46;54;70;48;2;18;22;31m╭──────────────────────────────────────────────────────────╮[m[48;2;18;22;31m [m[38;2;37;44;58;48;2;18;22;31m│[m[48;2;13;16;23m[m[48;2;13;16;23m [m[38;2;37;44;58;48;2;18;22;31m│[m[48;2;18;22;31m [m[38;2;46;54;70;48;2;18;22;31m╭──────────────────────────────────────────────────────────╮[m[48;2;18;22;31m [m[38;2;37;44;58;48;2;18;22;31m│[m[48;2;13;16;23m[m[48;2;13;16;23m [m[38;2;37;44;58;48;2;18;22;31m│[m[48;2;18;22;31m [m[38;2;92;100;116;48;2;18;22;31m[m[48;2;18;22;31m  [m[38;2;37;44;58;48;2;18;22;31m│[m[48;2;13;16;23m[m[48;2;13;16;23m[m
[38;2;79;142;247;48;2;18;22;31m│[m[48;2;18;22;31m [m[38;2;46;54;70;48;2;18;22;31m│[m[48;2;22;27;37m [m[48;2;22;27;37m[1;38;2;215;220;229;48;2;22;27;37m✨ Design tokens package[m[38;2;139;147;163;48;2;22;27;37m                                [m[m[48;2;22;27;37m [m[38;2;46;54;70;48;2;18;22;31m│[m[48;2;18;22;31m [m[38;2;79;142;247;48;2;18;22;31m│[m[48;2;13;16;23m[m[48;2;13;16;23m [m[38;2;37;44;58;48;2;18;22;31m│[m[48;2;18;22;31m [m[38;2;46;54;70;48;2;18;22;31m│[m[48;2;22;27;37m [m[48;2;22;27;37m[1;38;2;215;220;229;48;2;22;27;37m🧪 Golden regen for restyle slices[m[38;2;139;147;163;48;2;22;27;37m                      [m[m[48;2;22;27;37m [m[38;2;46;54;70;48;2;18;22;31m│[m[48;2;18;22;31m [m[38;2;37;44;58;48;2;18;22;31m│[m[48;2;13;16;23m[m[48;2;13;16;23m [m[38;2;37;44;58;48;2;18;22;31m│[m[48;2;18;22;31m [m[38;2;46;54;70;48;2;18;22;31m│[m[48;2;22;27;37m [m[48;2;22;27;37m[1;38;2;215;220;229;48;2;22;27;37m✨ LightDark background probe[m[38;2;139;147;163;48;2;22;27;37m                           [m[m[48;2;22;27;37m [m[38;2;46;54;70;48;2;18;22;31m│[m[48;2;18;22;31m [m[38;2;37;44;58;48;2;18;22;31m│[m[48;2;13;16;23m[m[48;2;13;16;23m [m[38;2;37;44;58;48;2;18;22;31m│[m[48;2;18;22;31m [m[38;2;92;100;116;48;2;18;22;31m[m[48;2;18;22;31m  [m[38;2;37;44;58;48;2;18;22;31m│[m[48;2;13;16;23m[m[48;2;13;16;23m[m
[38;2;79;142;247;48;2;18;22;31m│[m[48;2;18;22;31m [m[38;2;46;54;70;48;2;18;22;31m│[m[48;2;22;27;37m [m[48;2;22;27;37m[38;2;92;100;116;48;2;22;27;37m#139[m[38;2;139;147;163;48;2;22;27;37m                                              [m[38;2;139;147;163;48;2;22;27;37m1d old[m[m[48;2;22;27;37m [m[38;2;46;54;70;48;2;18;22;31m│[m[48;2;18;22;31m [m[38;2;79;142;247;48;2;18;22;31m│[m[48;2;13;16;23m[m[48;2;13;16;23m [m[38;2;37;44;58;48;2;18;22;31m│[m[48;2;18;22;31m [m[38;2;46;54;70;48;2;18;22;31m│[m[48;2;22;27;37m [m[48;2;22;27;37m[38;2;92;100;116;48;2;22;27;37m#141[m[38;2;139;147;163;48;2;22;27;37m                                             [m[38;2;139;147;163;48;2;22;27;37m2d here[m[m[48;2;22;27;37m [m[38;2;46;54;70;48;2;18;22;31m│[m[48;2;18;22;31m [m[38;2;37;44;58;48;2;18;22;31m│[m[48;2;13;16;23m[m[48;2;13;16;23m [m[38;2;37;44;58;48;2;18;22;31m│[m[48;2;18;22;31m [m[38;2;46;54;70;48;2;18;22;31m│[m[48;2;22;27;37m [m[48;2;22;27;37m[38;2;92;100;116;48;2;22;27;37m#135[m[38;2;139;147;163;48;2;22;27;37m                                             [m[38;2;139;147;163;48;2;22;27;37mshipped[m[m[48;2;22;27;37m [m[38;2;46;54;70;48;2;18;22;31m│[m[48;2;18;22;31m [m[38;2;37;44;58;48;2;18;22;31m│[m[48;2;13;16;23m[m[48;2;13;16;23m [m[38;2;37;44;58;48;2;18;22;31m│[m[48;2;18;22;31m [m[38;2;92;100;116;48;2;18;22;31m[m[48;2;18;22;31m  [m[38;2;37;44;58;48;2;18;22;31m│[m[48;2;13;16;23m[m[48;2;13;16;23m[m
[38;2;79;142;247;48;2;18;22;31m│[m[48;2;18;22;31m [m[38;2;46;54;70;48;2;18;22;31m│[m[48;2;22;27;37m [m[48;2;22;27;37m[38;2;34;40;54;48;2;22;27;37m╌╌╌╌╌╌╌╌╌╌╌╌╌╌╌╌╌╌╌╌╌╌╌╌╌╌╌╌╌╌╌╌╌╌╌╌╌╌╌╌╌╌╌╌╌╌╌╌╌╌╌╌╌╌╌╌[m[m[48;2;22;27;37m [m[38;2;46;54;70;48;2;18;22;31m│[m[48;2;18;22;31m [m[38;2;79;142;247;48;2;18;22;31m│[m[48;2;13;16;23m[m[48;2;13;16;23m [m[38;2;37;44;58;48;2;18;22;31m│[m[48;2;18;22;31m [m[38;2;46;54;70;48;2;18;22;31m│[m[48;2;22;27;37m [m[48;2;22;27;37m[38;2;34;40;54;48;2;22;27;37m╌╌╌╌╌╌╌╌╌╌╌╌╌╌╌╌╌╌╌╌╌╌╌╌╌╌╌╌╌╌╌╌╌╌╌╌╌╌╌╌╌╌╌╌╌╌╌╌╌╌╌╌╌╌╌╌[m[m[48;2;22;27;37m [m[38;2;46;54;70;48;2;18;22;31m│[m[48;2;18;22;31m [m[38;2;37;44;58;48;2;18;22;31m│[m[48;2;13;16;23m[m[48;2;13;16;23m [m[38;2;37;44;58;48;2;18;22;31m│[m[48;2;18;22;31m [m[38;2;46;54;70;48;2;18;22;31m│[m[48;2;22;27;37m [m[48;2;22;27;37m[38;2;34;40;54;48;2;22;27;37m╌╌╌╌╌╌╌╌╌╌╌╌╌╌╌╌╌╌╌╌╌╌╌╌╌╌╌╌╌╌╌╌╌╌╌╌╌╌╌╌╌╌╌╌╌╌╌╌╌╌╌╌╌╌╌╌[m[m[48;2;22;27;37m [m[38;2;46;54;70;48;2;18;22;31m│[m[48;2;18;22;31m [m[38;2;37;44;58;48;2;18;22;31m│[m[48;2;13;16;23m[m[48;2;13;16;23m [m[38;2;37;44;58;48;2;18;22;31m│[m[48;2;18;22;31m [m[38;2;92;100;116;48;2;18;22;31m[m[48;2;18;22;31m  [m[38;2;37;44;58;48;2;18;22;31m│[m[48;2;13;16;23m[m[48;2;13;16;23m[m
[38;2;79;142;247;48;2;18;22;31m│[m[48;2;18;22;31m [m[38;2;46;54;70;48;2;18;22;31m│[m[48;2;22;27;37m [m[48;2;22;27;37m[38;2;92;100;116;48;2;22;27;37mExtract the semantic palette into internal/theme so[m[38;2;139;147;163;48;2;22;27;37m     [m[m[48;2;22;27;37m [m[38;2;46;54;70;48;2;18;22;31m│[m[48;2;18;22;31m [m[38;2;79;142;247;48;2;18;22;31m│[m[48;2;13;16;23m[m[48;2;13;16;23m [m[38;2;37;44;58;48;2;18;22;31m│[m[48;2;18;22;31m [m[38;2;46;54;70;48;2;18;22;31m│[m[48;2;22;27;37m [m[48;2;22;27;37m[38;2;92;100;116;48;2;22;27;37mEvery restyle slice invalidates the golden frames. Add a[m[38;2;139;147;163;48;2;22;27;37m[m[m[48;2;22;27;37m [m[38;2;46;54;70;48;2;18;22;31m│[m[48;2;18;22;31m [m[38;2;37;44;58;48;2;18;22;31m│[m[48;2;13;16;23m[m[48;2;13;16;23m [m[38;2;37;44;58;48;2;18;22;31m│[m[48;2;18;22;31m [m[38;2;46;54;70;48;2;18;22;31m│[m[48;2;22;27;37m [m[48;2;22;27;37m[38;2;92;100;116;48;2;22;27;37mQuery the terminal for its background at startup and[m[38;2;139;147;163;48;2;22;27;37m    [m[m[48;2;22;27;37m [m[38;2;46;54;70;48;2;18;22;31m│[m[48;2;18;22;31m [m[38;2;37;44;58;48;2;18;22;31m│[m[48;2;13;16;23m[m[48;2;13;16;23m [m[38;2;37;44;58;48;2;18;22;31m│[m[48;2;18;22;31m [m[38;2;92;100;116;48;2;18;22;31m[m[48;2;18;22;31m  [m[38;2;37;44;58;48;2;18;22;31m│[m[48;2;13;16;23m[m[48;2;13;16;23m[m
[38;2;79;142;247;48;2;18;22;31m│[m[48;2;18;22;31m [m[38;2;46;54;70;48;2;18;22;31m│[m[48;2;22;27;37m [m[48;2;22;27;37m[38;2;92;100;116;48;2;22;27;37mevery view reads roles instead of raw hex. Ships with a…[m[38;2;139;147;163;48;2;22;27;37m[m[m[48;2;22;27;37m [m[38;2;46;54;70;48;2;18;22;31m│[m[48;2;18;22;31m [m[38;2;79;142;247;48;2;18;22;31m│[m[48;2;13;16;23m[m[48;2;13;16;23m [m[38;2;37;44;58;48;2;18;22;31m│[m[48;2;18;22;31m [m[38;2;46;54;70;48;2;18;22;31m│[m[48;2;22;27;37m [m[48;2;22;27;37m[38;2;92;100;116;48;2;22;27;37mregen target that rewrites them in one pass and fails…[m[38;2;139;147;163;48;2;22;27;37m  [m[m[48;2;22;27;37m [m[38;2;46;54;70;48;2;18;22;31m│[m[48;2;18;22;31m [m[38;2;37;44;58;48;2;18;22;31m│[m[48;2;13;16;23m[m[48;2;13;16;23m [m[38;2;37;44;58;48;2;18;22;31m│[m[48;2;18;22;31m [m[38;2;46;54;70;48;2;18;22;31m│[m[48;2;22;27;37m [m[48;2;22;27;37m[38;2;92;100;116;48;2;22;27;37mresolve the palette once, with a flag to force either…[m[38;2;139;147;163;48;2;22;27;37m  [m[m[48;2;22;27;37m [m[38;2;46;54;70;48;2;18;22;31m│[m[48;2;18;22;31m [m[38;2;37;44;58;48;2;18;22;31m│[m[48;2;13;16;23m[m[48;2;13;16;23m [m[38;2;37;44;58;48;2;18;22;31m│[m[48;2;18;22;31m [m[38;2;92;100;116;48;2;18;22;31m[m[48;2;18;22;31m  [m[38;2;37;44;58;48;2;18;22;31m│[m[48;2;13;16;23m[m[48;2;13;16;23m[m
[38;2;79;142;247;48;2;18;22;31m│[m[48;2;18;22;31m [m[38;2;46;54;70;48;2;18;22;31m│[m[48;2;22;27;37m [m[48;2;22;27;37m[1;38;2;255;196;107;48;2;58;44;18m P2 [m[38;2;139;147;163;48;2;22;27;37m [m[38;2;158;206;106;48;2;22;48;31m ◷ in 3d [m[38;2;139;147;163;48;2;22;27;37m [m[38;2;139;147;163;48;2;35;40;51m ◇ L [m[38;2;139;147;163;48;2;22;27;37m                                    [m[m[48;2;22;27;37m [m[38;2;46;54;70;48;2;18;22;31m│[m[48;2;18;22;31m [m[38;2;79;142;247;48;2;18;22;31m│[m[48;2;13;16;23m[m[48;2;13;16;23m [m[38;2;37;44;58;48;2;18;22;31m│[m[48;2;18;22;31m [m[38;2;46;54;70;48;2;18;22;31m│[m[48;2;22;27;37m [m[48;2;22;27;37m[1;38;2;138;180;248;48;2;22;40;63m P3 [m[38;2;139;147;163;48;2;22;27;37m [m[38;2;139;147;163;48;2;35;40;51m ◇ M [m[38;2;139;147;163;48;2;22;27;37m                                              [m[m[48;2;22;27;37m [m[38;2;46;54;70;48;2;18;22;31m│[m[48;2;18;22;31m [m[38;2;37;44;58;48;2;18;22;31m│[m[48;2;13;16;23m[m[48;2;13;16;23m [m[38;2;37;44;58;48;2;18;22;31m│[m[48;2;18;22;31m [m[38;2;46;54;70;48;2;18;22;31m│[m[48;2;22;27;37m [m[48;2;22;27;37m[1;38;2;138;180;248;48;2;22;40;63m P3 [m[38;2;139;147;163;48;2;22;27;37m                                                    [m[m[48;2;22;27;37m [m[38;2;46;54;70;48;2;18;22;31m│[m[48;2;18;22;31m [m[38;2;37;44;58;48;2;18;22;31m│[m[48;2;13;16;23m[m[48;2;13;16;23m [m[38;2;37;44;58;48;2;18;22;31m│[m[48;2;18;22;31m [m[38;2;92;100;116;48;2;18;22;31m[m[48;2;18;22;31m  [m[38;2;37;44;58;48;2;18;22;31m│[m[48;2;13;16;23m[m[48;2;13;16;23m[m
[38;2;79;142;247;48;2;18;22;31m│[m[48;2;18;22;31m [m[38;2;46;54;70;48;2;18;22;31m│[m[48;2;22;27;37m [m[48;2;22;27;37m[38;2;139;147;163;48;2;26;31;43m type:[m[38;2;255;196;107;48;2;51;41;15mfeature [m[38;2;139;147;163;48;2;22;27;37m [m[38;2;139;147;163;48;2;26;31;43m area:[m[38;2;200;166;251;48;2;37;28;58mtui [m[38;2;139;147;163;48;2;22;27;37m                               [m[m[48;2;22;27;37m [m[38;2;46;54;70;48;2;18;22;31m│[m[48;2;18;22;31m [m[38;2;79;142;247;48;2;18;22;31m│[m[48;2;13;16;23m[m[48;2;13;16;23m [m[38;2;37;44;58;48;2;18;22;31m│[m[48;2;18;22;31m [m[38;2;46;54;70;48;2;18;22;31m│[m[48;2;22;27;37m [m[48;2;22;27;37m[38;2;139;147;163;48;2;26;31;43m type:[m[38;2;255;196;107;48;2;51;41;15mtest [m[38;2;139;147;163;48;2;22;27;37m                                             [m[m[48;2;22;27;37m [m[38;2;46;54;70;48;2;18;22;31m│[m[48;2;18;22;31m [m[38;2;37;44;58;48;2;18;22;31m│[m[48;2;13;16;23m[m[48;2;13;16;23m [m[38;2;37;44;58;48;2;18;22;31m│[m[48;2;18;22;31m [m[38;2;46;54;70;48;2;18;22;31m│[m[48;2;22;27;37m [m[48;2;22;27;37m[38;2;139;147;163;48;2;26;31;43m type:[m[38;2;255;196;107;48;2;51;41;15mfeature [m[38;2;139;147;163;48;2;22;27;37m                                          [m[m[48;2;22;27;37m [m[38;2;46;54;70;48;2;18;22;31m│[m[48;2;18;22;31m [m[38;2;37;44;58;48;2;18;22;31m│[m[48;2;13;16;23m[m[48;2;13;16;23m [m[38;2;37;44;58;48;2;18;22;31m│[m[48;2;18;22;31m [m[38;2;92;100;116;48;2;18;22;31mC[m[48;2;18;22;31m [m[38;2;37;44;58;48;2;18;22;31m│[m[48;2;13;16;23m[m[48;2;13;16;23m[m
[38;2;79;142;247;48;2;18;22;31m│[m[48;2;18;22;31m [m[38;2;46;54;70;48;2;18;22;31m╰──────────────────────────────────────────────────────────╯[m[48;2;18;22;31m [m[38;2;79;142;247;48;2;18;22;31m│[m[48;2;13;16;23m[m[48;2;13;16;23m [m[38;2;37;44;58;48;2;18;22;31m│[m[48;2;18;22;31m [m[38;2;46;54;70;48;2;18;22;31m╰──────────────────────────────────────────────────────────╯[m[48;2;18;22;31m [m[38;2;37;44;58;48;2;18;22;31m│[m[48;2;13;16;23m[m[48;2;13;16;23m [m[38;2;37;44;58;48;2;18;22;31m│[m[48;2;18;22;31m [m[38;2;46;54;70;48;2;18;22;31m╰──────────────────────────────────────────────────────────╯[m[48;2;18;22;31m [m[38;2;37;44;58;48;2;18;22;31m│[m[48;2;13;16;23m[m[48;2;13;16;23m [m[38;2;37;44;58;48;2;18;22;31m│[m[48;2;18;22;31m [m[38;2;92;100;116;48;2;18;22;31mA[m[48;2;18;22;31m [m[38;2;37;44;58;48;2;18;22;31m│[m[48;2;13;16;23m[m[48;2;13;16;23m[m
[38;2;79;142;247;48;2;18;22;31m│[m[48;2;18;22;31m                                                              [m[38;2;79;142;247;48;2;18;22;31m│[m[48;2;13;16;23m[m[48;2;13;16;23m [m[38;2;37;44;58;48;2;18;22;31m│[m[48;2;18;22;31m                                                              [m[38;2;37;44;58;48;2;18;22;31m│[m[48;2;13;16;23m[m[48;2;13;16;23m [m[38;2;37;44;58;48;2;18;22;31m│[m[48;2;18;22;31m                                                              [m[38;2;37;44;58;48;2;18;22;31m│[m[48;2;13;16;23m[m[48;2;13;16;23m [m[38;2;37;44;58;48;2;18;22;31m│[m[48;2;18;22;31m [m[38;2;92;100;116;48;2;18;22;31mN[m[48;2;18;22;31m [m[38;2;37;44;58;48;2;18;22;31m│[m[48;2;13;16;23m[m[48;2;13;16;23m[m
[38;2;79;142;247;48;2;18;22;31m│[m[48;2;18;22;31m [m[38;2;46;54;70;48;2;18;22;31m╭──────────────────────────────────────────────────────────╮[m[48;2;18;22;31m [m[38;2;79;142;247;48;2;18;22;31m│[m[48;2;13;16;23m[m[48;2;13;16;23m [m[38;2;37;44;58;48;2;18;22;31m│[m[48;2;18;22;31m [m[38;2;46;54;70;48;2;18;22;31m╭──────────────────────────────────────────────────────────╮[m[48;2;18;22;31m [m[38;2;37;44;58;48;2;18;22;31m│[m[48;2;13;16;23m[m[48;2;13;16;23m [m[38;2;37;44;58;48;2;18;22;31m│[m[48;2;18;22;31m [m[38;2;46;54;70;48;2;18;22;31m╭──────────────────────────────────────────────────────────╮[m[48;2;18;22;31m [m[38;2;37;44;58;48;2;18;22;31m│[m[48;2;13;16;23m[m[48;2;13;16;23m [m[38;2;37;44;58;48;2;18;22;31m│[m[48;2;18;22;31m [m[38;2;92;100;116;48;2;18;22;31mC[m[48;2;18;22;31m [m[38;2;37;44;58;48;2;18;22;31m│[m[48;2;13;16;23m[m[48;2;13;16;23m[m
[38;2;79;142;247;48;2;18;22;31m│[m[48;2;18;22;31m [m[38;2;46;54;70;48;2;18;22;31m│[m[48;2;22;27;37m [m[48;2;22;27;37m[1;38;2;215;220;229;48;2;22;27;37m🔒 Redact remote tokens in debug log[m[38;2;139;147;163;48;2;22;27;37m                    [m[m[48;2;22;27;37m [m[38;2;46;54;70;48;2;18;22;31m│[m[48;2;18;22;31m [m[38;2;79;142;247;48;2;18;22;31m│[m[48;2;13;16;23m[m[48;2;13;16;23m [m[38;2;37;44;58;48;2;18;22;31m│[m[48;2;18;22;31m [m[38;2;46;54;70;48;2;18;22;31m│[m[48;2;22;27;37m [m[48;2;22;27;37m[1;38;2;215;220;229;48;2;22;27;37m🔧 GetFrameSize layout math[m[38;2;139;147;163;48;2;22;27;37m                             [m[m[48;2;22;27;37m [m[38;2;46;54;70;48;2;18;22;31m│[m[48;2;18;22;31m [m[38;2;37;44;58;48;2;18;22;31m│[m[48;2;13;16;23m[m[48;2;13;16;23m [m[38;2;37;44;58;48;2;18;22;31m│[m[48;2;18;22;31m [m[38;2;46;54;70;48;2;18;22;31m│[m[48;2;22;27;37m [m[48;2;22;27;37m[1;38;2;215;220;229;48;2;22;27;37m🐛 Fix column scroll clamp[m[38;2;139;147;163;48;2;22;27;37m                              [m[m[48;2;22;27;37m [m[38;2;46;54;70;48;2;18;22;31m│[m[48;2;18;22;31m [m[38;2;37;44;58;48;2;18;22;31m│[m[48;2;13;16;23m[m[48;2;13;16;23m [m[38;2;37;44;58;48;2;18;22;31m│[m[48;2;18;22;31m [m[38;2;92;100;116;48;2;18;22;31mE[m[48;2;18;22;31m [m[38;2;37;44;58;48;2;18;22;31m│[m[48;2;13;16;23m[m[48;2;13;16;23m[m
[38;2;79;142;247;48;2;18;22;31m│[m[48;2;18;22;31m [m[38;2;46;54;70;48;2;18;22;31m│[m[48;2;22;27;37m [m[48;2;22;27;37m[38;2;92;100;116;48;2;22;27;37m#144[m[38;2;139;147;163;48;2;22;27;37m                                                 [m[38;2;139;147;163;48;2;22;27;37mnew[m[m[48;2;22;27;37m [m[38;2;46;54;70;48;2;18;22;31m│[m[48;2;18;22;31m [m[38;2;79;142;247;48;2;18;22;31m│[m[48;2;13;16;23m[m[48;2;13;16;23m [m[38;2;37;44;58;48;2;18;22;31m│[m[48;2;18;22;31m [m[38;2;46;54;70;48;2;18;22;31m│[m[48;2;22;27;37m [m[48;2;22;27;37m[38;2;92;100;116;48;2;22;27;37m#143[m[38;2;139;147;163;48;2;22;27;37m                                             [m[38;2;139;147;163;48;2;22;27;37m1d here[m[m[48;2;22;27;37m [m[38;2;46;54;70;48;2;18;22;31m│[m[48;2;18;22;31m [m[38;2;37;44;58;48;2;18;22;31m│[m[48;2;13;16;23m[m[48;2;13;16;23m [m[38;2;37;44;58;48;2;18;22;31m│[m[48;2;18;22;31m [m[38;2;46;54;70;48;2;18;22;31m│[m[48;2;22;27;37m [m[48;2;22;27;37m[38;2;92;100;116;48;2;22;27;37m#131[m[38;2;139;147;163;48;2;22;27;37m                                             [m[38;2;139;147;163;48;2;22;27;37mshipped[m[m[48;2;22;27;37m [m[38;2;46;54;70;48;2;18;22;31m│[m[48;2;18;22;31m [m[38;2;37;44;58;48;2;18;22;31m│[m[48;2;13;16;23m[m[48;2;13;16;23m [m[38;2;37;44;58;48;2;18;22;31m│[m[48;2;18;22;31m [m[38;2;92;100;116;48;2;18;22;31mL[m[48;2;18;22;31m [m[38;2;37;44;58;48;2;18;22;31m│[m[48;2;13;16;23m[m[48;2;13;16;23m[m
[38;2;79;142;247;48;2;18;22;31m│[m[48;2;18;22;31m [m[38;2;46;54;70;48;2;18;22;31m│[m[48;2;22;27;37m [m[48;2;22;27;37m[38;2;34;40;54;48;2;22;27;37m╌╌╌╌╌╌╌╌╌╌╌╌╌╌╌╌╌╌╌╌╌╌╌╌╌╌╌╌╌╌╌╌╌╌╌╌╌╌╌╌╌╌╌╌╌╌╌╌╌╌╌╌╌╌╌╌[m[m[48;2;22;27;37m [m[38;2;46;54;70;48;2;18;22;31m│[m[48;2;18;22;31m [m[38;2;79;142;247;48;2;18;22;31m│[m[48;2;13;16;23m[m[48;2;13;16;23m [m[38;2;37;44;58;48;2;18;22;31m│[m[48;2;18;22;31m [m[38;2;46;54;70;48;2;18;22;31m│[m[48;2;22;27;37m [m[48;2;22;27;37m[38;2;34;40;54;48;2;22;27;37m╌╌╌╌╌╌╌╌╌╌╌╌╌╌╌╌╌╌╌╌╌╌╌╌╌╌╌╌╌╌╌╌╌╌╌╌╌╌╌╌╌╌╌╌╌╌╌╌╌╌╌╌╌╌╌╌[m[m[48;2;22;27;37m [m[38;2;46;54;70;48;2;18;22;31m│[m[48;2;18;22;31m [m[38;2;37;44;58;48;2;18;22;31m│[m[48;2;13;16;23m[m[48;2;13;16;23m [m[38;2;37;44;58;48;2;18;22;31m│[m[48;2;18;22;31m [m[38;2;46;54;70;48;2;18;22;31m│[m[48;2;22;27;37m [m[48;2;22;27;37m[38;2;34;40;54;48;2;22;27;37m╌╌╌╌╌╌╌╌╌╌╌╌╌╌╌╌╌╌╌╌╌╌╌╌╌╌╌╌╌╌╌╌╌╌╌╌╌╌╌╌╌╌╌╌╌╌╌╌╌╌╌╌╌╌╌╌[m[m[48;2;22;27;37m [m[38;2;46;54;70;48;2;18;22;31m│[m[48;2;18;22;31m [m[38;2;37;44;58;48;2;18;22;31m│[m[48;2;13;16;23m[m[48;2;13;16;23m [m[38;2;37;44;58;48;2;18;22;31m│[m[48;2;18;22;31m [m[38;2;92;100;116;48;2;18;22;31mL[m[48;2;18;22;31m [m[38;2;37;44;58;48;2;18;22;31m│[m[48;2;13;16;23m[m[48;2;13;16;23m[m
[38;2;79;142;247;48;2;18;22;31m│[m[48;2;18;22;31m [m[38;2;46;54;70;48;2;18;22;31m│[m[48;2;22;27;37m [m[48;2;22;27;37m[38;2;92;100;116;48;2;22;27;37mThe forge client logs its Authorization header verbatim[m[38;2;139;147;163;48;2;22;27;37m [m[m[48;2;22;27;37m [m[38;2;46;54;70;48;2;18;22;31m│[m[48;2;18;22;31m [m[38;2;79;142;247;48;2;18;22;31m│[m[48;2;13;16;23m[m[48;2;13;16;23m [m[38;2;37;44;58;48;2;18;22;31m│[m[48;2;18;22;31m [m[38;2;46;54;70;48;2;18;22;31m│[m[48;2;22;27;37m [m[48;2;22;27;37m[38;2;92;100;116;48;2;22;27;37mReplace the hardcoded border and padding constants with[m[38;2;139;147;163;48;2;22;27;37m [m[m[48;2;22;27;37m [m[38;2;46;54;70;48;2;18;22;31m│[m[48;2;18;22;31m [m[38;2;37;44;58;48;2;18;22;31m│[m[48;2;13;16;23m[m[48;2;13;16;23m [m[38;2;37;44;58;48;2;18;22;31m│[m[48;2;18;22;31m [m[38;2;46;54;70;48;2;18;22;31m│[m[48;2;22;27;37m [m[48;2;22;27;37m[38;2;92;100;116;48;2;22;27;37mScrolling past the last card left the viewport pinned[m[38;2;139;147;163;48;2;22;27;37m   [m[m[48;2;22;27;37m [m[38;2;46;54;70;48;2;18;22;31m│[m[48;2;18;22;31m [m[38;2;37;44;58;48;2;18;22;31m│[m[48;2;13;16;23m[m[48;2;13;16;23m [m[38;2;37;44;58;48;2;18;22;31m│[m[48;2;18;22;31m [m[38;2;92;100;116;48;2;18;22;31mE[m[48;2;18;22;31m [m[38;2;37;44;58;48;2;18;22;31m│[m[48;2;13;16;23m[m[48;2;13;16;23m[m
[38;2;79;142;247;48;2;18;22;31m│[m[48;2;18;22;31m [m[38;2;46;54;70;48;2;18;22;31m│[m[48;2;22;27;37m [m[48;2;22;27;37m[38;2;92;100;116;48;2;22;27;37mwhen KB_DEBUG is set. Mask everything after the scheme…[m[38;2;139;147;163;48;2;22;27;37m [m[m[48;2;22;27;37m [m[38;2;46;54;70;48;2;18;22;31m│[m[48;2;18;22;31m [m[38;2;79;142;247;48;2;18;22;31m│[m[48;2;13;16;23m[m[48;2;13;16;23m [m[38;2;37;44;58;48;2;18;22;31m│[m[48;2;18;22;31m [m[38;2;46;54;70;48;2;18;22;31m│[m[48;2;22;27;37m [m[48;2;22;27;37m[38;2;92;100;116;48;2;22;27;37mGetFrameSize calls so width math survives a border-styl…[m[38;2;139;147;163;48;2;22;27;37m[m[m[48;2;22;27;37m [m[38;2;46;54;70;48;2;18;22;31m│[m[48;2;18;22;31m [m[38;2;37;44;58;48;2;18;22;31m│[m[48;2;13;16;23m[m[48;2;13;16;23m [m[38;2;37;44;58;48;2;18;22;31m│[m[48;2;18;22;31m [m[38;2;46;54;70;48;2;18;22;31m│[m[48;2;22;27;37m [m[48;2;22;27;37m[38;2;92;100;116;48;2;22;27;37mone row below the stack, so the bottom border vanished…[m[38;2;139;147;163;48;2;22;27;37m [m[m[48;2;22;27;37m [m[38;2;46;54;70;48;2;18;22;31m│[m[48;2;18;22;31m [m[38;2;37;44;58;48;2;18;22;31m│[m[48;2;13;16;23m[m[48;2;13;16;23m [m[38;2;37;44;58;48;2;18;22;31m│[m[48;2;18;22;31m [m[38;2;92;100;116;48;2;18;22;31mD[m[48;2;18;22;31m [m[38;2;37;44;58;48;2;18;22;31m│[m[48;2;13;16;23m[m[48;2;13;16;23m[m
[38;2;79;142;247;48;2;18;22;31m│[m[48;2;18;22;31m [m[38;2;46;54;70;48;2;18;22;31m│[m[48;2;22;27;37m [m[48;2;22;27;37m[1;38;2;255;196;107;48;2;58;44;18m P2 [m[38;2;139;147;163;48;2;22;27;37m [m[38;2;139;147;163;48;2;35;40;51m ◇ S [m[38;2;139;147;163;48;2;22;27;37m                                              [m[m[48;2;22;27;37m [m[38;2;46;54;70;48;2;18;22;31m│[m[48;2;18;22;31m [m[38;2;79;142;247;48;2;18;22;31m│[m[48;2;13;16;23m[m[48;2;13;16;23m [m[38;2;37;44;58;48;2;18;22;31m│[m[48;2;18;22;31m [m[38;2;46;54;70;48;2;18;22;31m│[m[48;2;22;27;37m [m[48;2;22;27;37m[1;38;2;255;196;107;48;2;58;44;18m P2 [m[38;2;139;147;163;48;2;22;27;37m [m[38;2;255;176;32;48;2;58;42;18m ⛔ blocked [m[38;2;139;147;163;48;2;22;27;37m                                       [m[m[48;2;22;27;37m [m[38;2;46;54;70;48;2;18;22;31m│[m[48;2;18;22;31m [m[38;2;37;44;58;48;2;18;22;31m│[m[48;2;13;16;23m[m[48;2;13;16;23m [m[38;2;37;44;58;48;2;18;22;31m│[m[48;2;18;22;31m [m[38;2;46;54;70;48;2;18;22;31m│[m[48;2;22;27;37m [m[48;2;22;27;37m[1;38;2;255;138;122;48;2;58;26;24m P1 [m[38;2;139;147;163;48;2;22;27;37m                                                    [m[m[48;2;22;27;37m [m[38;2;46;54;70;48;2;18;22;31m│[m[48;2;18;22;31m [m[38;2;37;44;58;48;2;18;22;31m│[m[48;2;13;16;23m[m[48;2;13;16;23m [m[38;2;37;44;58;48;2;18;22;31m│[m[48;2;18;22;31m [m[38;2;92;100;116;48;2;18;22;31m[m[48;2;18;22;31m  [m[38;2;37;44;58;48;2;18;22;31m│[m[48;2;13;16;23m[m[48;2;13;16;23m[m
[38;2;79;142;247;48;2;18;22;31m│[m[48;2;18;22;31m [m[38;2;46;54;70;48;2;18;22;31m│[m[48;2;22;27;37m [m[48;2;22;27;37m[38;2;139;147;163;48;2;26;31;43m type:[m[38;2;255;157;114;48;2;51;33;26mchore [m[38;2;139;147;163;48;2;22;27;37m [m[38;2;139;147;163;48;2;26;31;43m risk:[m[38;2;200;166;251;48;2;37;28;58mhigh [m[38;2;139;147;163;48;2;22;27;37m                                [m[m[48;2;22;27;37m [m[38;2;46;54;70;48;2;18;22;31m│[m[48;2;18;22;31m [m[38;2;79;142;247;48;2;18;22;31m│[m[48;2;13;16;23m[m[48;2;13;16;23m [m[38;2;37;44;58;48;2;18;22;31m│[m[48;2;18;22;31m [m[38;2;46;54;70;48;2;18;22;31m│[m[48;2;22;27;37m [m[48;2;22;27;37m[38;2;139;147;163;48;2;26;31;43m type:[m[38;2;255;157;114;48;2;51;33;26mchore [m[38;2;139;147;163;48;2;22;27;37m [m[38;2;132;214;154;48;2;22;48;31m #github#12 [m[38;2;139;147;163;48;2;22;27;37m                               [m[m[48;2;22;27;37m [m[38;2;46;54;70;48;2;18;22;31m│[m[48;2;18;22;31m [m[38;2;37;44;58;48;2;18;22;31m│[m[48;2;13;16;23m[m[48;2;13;16;23m [m[38;2;37;44;58;48;2;18;22;31m│[m[48;2;18;22;31m [m[38;2;46;54;70;48;2;18;22;31m│[m[48;2;22;27;37m [m[48;2;22;27;37m[38;2;139;147;163;48;2;26;31;43m type:[m[38;2;255;196;107;48;2;51;41;15mbug [m[38;2;139;147;163;48;2;22;27;37m [m[38;2;255;157;114;48;2;51;33;26m #github#9 [m[38;2;139;147;163;48;2;22;27;37m                                  [m[m[48;2;22;27;37m [m[38;2;46;54;70;48;2;18;22;31m│[m[48;2;18;22;31m [m[38;2;37;44;58;48;2;18;22;31m│[m[48;2;13;16;23m[m[48;2;13;16;23m [m[38;2;37;44;58;48;2;18;22;31m│[m[48;2;18;22;31m [m[38;2;92;100;116;48;2;18;22;31m[m[48;2;18;22;31m  [m[38;2;37;44;58;48;2;18;22;31m│[m[48;2;13;16;23m[m[48;2;13;16;23m[m
[38;2;79;142;247;48;2;18;22;31m│[m[48;2;18;22;31m [m[38;2;46;54;70;48;2;18;22;31m╰──────────────────────────────────────────────────────────╯[m[48;2;18;22;31m [m[38;2;79;142;247;48;2;18;22;31m│[m[48;2;13;16;23m[m[48;2;13;16;23m [m[38;2;37;44;58;48;2;18;22;31m│[m[48;2;18;22;31m [m[38;2;46;54;70;48;2;18;22;31m╰──────────────────────────────────────────────────────────╯[m[48;2;18;22;31m [m[38;2;37;44;58;48;2;18;22;31m│[m[48;2;13;16;23m[m[48;2;13;16;23m [m[38;2;37;44;58;48;2;18;22;31m│[m[48;2;18;22;31m [m[38;2;46;54;70;48;2;18;22;31m╰──────────────────────────────────────────────────────────╯[m[48;2;18;22;31m [m[38;2;37;44;58;48;2;18;22;31m│[m[48;2;13;16;23m[m[48;2;13;16;23m [m[38;2;37;44;58;48;2;18;22;31m│[m[48;2;18;22;31m [m[38;2;92;100;116;48;2;18;22;31m[m[48;2;18;22;31m  [m[38;2;37;44;58;48;2;18;22;31m│[m[48;2;13;16;23m[m[48;2;13;16;23m[m
[38;2;79;142;247;48;2;18;22;31m│[m[48;2;18;22;31m                                                              [m[38;2;79;142;247;48;2;18;22;31m│[m[48;2;13;16;23m[m[48;2;13;16;23m [m[38;2;37;44;58;48;2;18;22;31m│[m[48;2;18;22;31m                                                              [m[38;2;37;44;58;48;2;18;22;31m│[m[48;2;13;16;23m[m[48;2;13;16;23m [m[38;2;37;44;58;48;2;18;22;31m│[m[48;2;18;22;31m                                                              [m[38;2;37;44;58;48;2;18;22;31m│[m[48;2;13;16;23m[m[48;2;13;16;23m [m[38;2;37;44;58;48;2;18;22;31m│[m[48;2;18;22;31m [m[38;2;92;100;116;48;2;18;22;31m[m[48;2;18;22;31m  [m[38;2;37;44;58;48;2;18;22;31m│[m[48;2;13;16;23m[m[48;2;13;16;23m[m
[38;2;79;142;247;48;2;18;22;31m│[m[48;2;18;22;31m [m[38;2;46;54;70;48;2;18;22;31m╭──────────────────────────────────────────────────────────╮[m[48;2;18;22;31m [m[38;2;79;142;247;48;2;18;22;31m│[m[48;2;13;16;23m[m[48;2;13;16;23m [m[38;2;37;44;58;48;2;18;22;31m│[m[48;2;18;22;31m                                                              [m[38;2;37;44;58;48;2;18;22;31m│[m[48;2;13;16;23m[m[48;2;13;16;23m [m[38;2;37;44;58;48;2;18;22;31m│[m[48;2;18;22;31m                                                              [m[38;2;37;44;58;48;2;18;22;31m│[m[48;2;13;16;23m[m[48;2;13;16;23m [m[38;2;37;44;58;48;2;18;22;31m│[m[48;2;18;22;31m [m[38;2;92;100;116;48;2;18;22;31m[m[48;2;18;22;31m  [m[38;2;37;44;58;48;2;18;22;31m│[m[48;2;13;16;23m[m[48;2;13;16;23m[m
[38;2;79;142;247;48;2;18;22;31m│[m[48;2;18;22;31m [m[38;2;46;54;70;48;2;18;22;31m│[m[48;2;22;27;37m [m[48;2;22;27;37m[1;38;2;215;220;229;48;2;22;27;37m📝 Document overlay z-order[m[38;2;139;147;163;48;2;22;27;37m                             [m[m[48;2;22;27;37m [m[38;2;46;54;70;48;2;18;22;31m│[m[48;2;18;22;31m [m[38;2;79;142;247;48;2;18;22;31m│[m[48;2;13;16;23m[m[48;2;13;16;23m [m[38;2;37;44;58;48;2;18;22;31m│[m[48;2;18;22;31m                                                              [m[38;2;37;44;58;48;2;18;22;31m│[m[48;2;13;16;23m[m[48;2;13;16;23m [m[38;2;37;44;58;48;2;18;22;31m│[m[48;2;18;22;31m                                                              [m[38;2;37;44;58;48;2;18;22;31m│[m[48;2;13;16;23m[m[48;2;13;16;23m [m[38;2;37;44;58;48;2;18;22;31m│[m[48;2;18;22;31m [m[38;2;92;100;116;48;2;18;22;31m[m[48;2;18;22;31m  [m[38;2;37;44;58;48;2;18;22;31m│[m[48;2;13;16;23m[m[48;2;13;16;23m[m
[38;2;79;142;247;48;2;18;22;31m│[m[48;2;18;22;31m [m[38;2;46;54;70;48;2;18;22;31m│[m[48;2;22;27;37m [m[48;2;22;27;37m[38;2;92;100;116;48;2;22;27;37m#147[m[38;2;139;147;163;48;2;22;27;37m                                              [m[38;2;139;147;163;48;2;22;27;37m6d old[m[m[48;2;22;27;37m [m[38;2;46;54;70;48;2;18;22;31m│[m[48;2;18;22;31m [m[38;2;79;142;247;48;2;18;22;31m│[m[48;2;13;16;23m[m[48;2;13;16;23m [m[38;2;37;44;58;48;2;18;22;31m│[m[48;2;18;22;31m                                                              [m[38;2;37;44;58;48;2;18;22;31m│[m[48;2;13;16;23m[m[48;2;13;16;23m [m[38;2;37;44;58;48;2;18;22;31m│[m[48;2;18;22;31m                                                              [m[38;2;37;44;58;48;2;18;22;31m│[m[48;2;13;16;23m[m[48;2;13;16;23m [m[38;2;37;44;58;48;2;18;22;31m│[m[48;2;18;22;31m [m[38;2;92;100;116;48;2;18;22;31m[m[48;2;18;22;31m  [m[38;2;37;44;58;48;2;18;22;31m│[m[48;2;13;16;23m[m[48;2;13;16;23m[m
[38;2;79;142;247;48;2;18;22;31m│[m[48;2;18;22;31m [m[38;2;46;54;70;48;2;18;22;31m│[m[48;2;22;27;37m [m[48;2;22;27;37m[38;2;34;40;54;48;2;22;27;37m╌╌╌╌╌╌╌╌╌╌╌╌╌╌╌╌╌╌╌╌╌╌╌╌╌╌╌╌╌╌╌╌╌╌╌╌╌╌╌╌╌╌╌╌╌╌╌╌╌╌╌╌╌╌╌╌[m[m[48;2;22;27;37m [m[38;2;46;54;70;48;2;18;22;31m│[m[48;2;18;22;31m [m[38;2;79;142;247;48;2;18;22;31m│[m[48;2;13;16;23m[m[48;2;13;16;23m [m[38;2;37;44;58;48;2;18;22;31m│[m[48;2;18;22;31m                                                              [m[38;2;37;44;58;48;2;18;22;31m│[m[48;2;13;16;23m[m[48;2;13;16;23m [m[38;2;37;44;58;48;2;18;22;31m│[m[48;2;18;22;31m                                                              [m[38;2;37;44;58;48;2;18;22;31m│[m[48;2;13;16;23m[m[48;2;13;16;23m [m[38;2;37;44;58;48;2;18;22;31m│[m[48;2;18;22;31m [m[38;2;92;100;116;48;2;18;22;31m[m[48;2;18;22;31m  [m[38;2;37;44;58;48;2;18;22;31m│[m[48;2;13;16;23m[m[48;2;13;16;23m[m
[38;2;79;142;247;48;2;18;22;31m│[m[48;2;18;22;31m [m[38;2;46;54;70;48;2;18;22;31m│[m[48;2;22;27;37m [m[48;2;22;27;37m[38;2;92;100;116;48;2;22;27;37mWrite down which layers the compositor stacks and in[m[38;2;139;147;163;48;2;22;27;37m    [m[m[48;2;22;27;37m [m[38;2;46;54;70;48;2;18;22;31m│[m[48;2;18;22;31m [m[38;2;79;142;247;48;2;18;22;31m│[m[48;2;13;16;23m[m[48;2;13;16;23m [m[38;2;37;44;58;48;2;18;22;31m│[m[48;2;18;22;31m                                                              [m[38;2;37;44;58;48;2;18;22;31m│[m[48;2;13;16;23m[m[48;2;13;16;23m [m[38;2;37;44;58;48;2;18;22;31m│[m[48;2;18;22;31m                                                              [m[38;2;37;44;58;48;2;18;22;31m│[m[48;2;13;16;23m[m[48;2;13;16;23m [m[38;2;37;44;58;48;2;18;22;31m│[m[48;2;18;22;31m [m[38;2;92;100;116;48;2;18;22;31m[m[48;2;18;22;31m  [m[38;2;37;44;58;48;2;18;22;31m│[m[48;2;13;16;23m[m[48;2;13;16;23m[m
[38;2;79;142;247;48;2;18;22;31m│[m[48;2;18;22;31m [m[38;2;46;54;70;48;2;18;22;31m│[m[48;2;22;27;37m [m[48;2;22;27;37m[38;2;92;100;116;48;2;22;27;37mwhat order, so the next overlay does not have to be…[m[38;2;139;147;163;48;2;22;27;37m    [m[m[48;2;22;27;37m [m[38;2;46;54;70;48;2;18;22;31m│[m[48;2;18;22;31m [m[38;2;79;142;247;48;2;18;22;31m│[m[48;2;13;16;23m[m[48;2;13;16;23m [m[38;2;37;44;58;48;2;18;22;31m│[m[48;2;18;22;31m                                                              [m[38;2;37;44;58;48;2;18;22;31m│[m[48;2;13;16;23m[m[48;2;13;16;23m [m[38;2;37;44;58;48;2;18;22;31m│[m[48;2;18;22;31m                                                              [m[38;2;37;44;58;48;2;18;22;31m│[m[48;2;13;16;23m[m[48;2;13;16;23m [m[38;2;37;44;58;48;2;18;22;31m│[m[48;2;18;22;31m [m[38;2;92;100;116;48;2;18;22;31m[m[48;2;18;22;31m  [m[38;2;37;44;58;48;2;18;22;31m│[m[48;2;13;16;23m[m[48;2;13;16;23m[m
[38;2;79;142;247;48;2;18;22;31m│[m[48;2;18;22;31m [m[38;2;46;54;70;48;2;18;22;31m│[m[48;2;22;27;37m [m[48;2;22;27;37m[1;38;2;163;173;190;48;2;35;40;51m P4 [m[38;2;139;147;163;48;2;22;27;37m                                                    [m[m[48;2;22;27;37m [m[38;2;46;54;70;48;2;18;22;31m│[m[48;2;18;22;31m [m[38;2;79;142;247;48;2;18;22;31m│[m[48;2;13;16;23m[m[48;2;13;16;23m [m[38;2;37;44;58;48;2;18;22;31m│[m[48;2;18;22;31m                                                              [m[38;2;37;44;58;48;2;18;22;31m│[m[48;2;13;16;23m[m[48;2;13;16;23m [m[38;2;37;44;58;48;2;18;22;31m│[m[48;2;18;22;31m                                                              [m[38;2;37;44;58;48;2;18;22;31m│[m[48;2;13;16;23m[m[48;2;13;16;23m [m[38;2;37;44;58;48;2;18;22;31m│[m[48;2;18;22;31m [m[38;2;92;100;116;48;2;18;22;31m[m[48;2;18;22;31m  [m[38;2;37;44;58;48;2;18;22;31m│[m[48;2;13;16;23m[m[48;2;13;16;23m[m
[38;2;79;142;247;48;2;18;22;31m│[m[48;2;18;22;31m [m[38;2;46;54;70;48;2;18;22;31m│[m[48;2;22;27;37m [m[48;2;22;27;37m[38;2;139;147;163;48;2;26;31;43m type:[m[38;2;138;180;248;48;2;22;40;63mdocs [m[38;2;139;147;163;48;2;22;27;37m                                             [m[m[48;2;22;27;37m [m[38;2;46;54;70;48;2;18;22;31m│[m[48;2;18;22;31m [m[38;2;79;142;247;48;2;18;22;31m│[m[48;2;13;16;23m[m[48;2;13;16;23m [m[38;2;37;44;58;48;2;18;22;31m│[m[48;2;18;22;31m                                                              [m[38;2;37;44;58;48;2;18;22;31m│[m[48;2;13;16;23m[m[48;2;13;16;23m [m[38;2;37;44;58;48;2;18;22;31m│[m[48;2;18;22;31m                                                              [m[38;2;37;44;58;48;2;18;22;31m│[m[48;2;13;16;23m[m[48;2;13;16;23m [m[38;2;37;44;58;48;2;18;22;31m│[m[48;2;18;22;31m [m[38;2;92;100;116;48;2;18;22;31m[m[48;2;18;22;31m  [m[38;2;37;44;58;48;2;18;22;31m│[m[48;2;13;16;23m[m[48;2;13;16;23m[m
[38;2;79;142;247;48;2;18;22;31m│[m[48;2;18;22;31m [m[38;2;46;54;70;48;2;18;22;31m╰──────────────────────────────────────────────────────────╯[m[48;2;18;22;31m [m[38;2;79;142;247;48;2;18;22;31m│[m[48;2;13;16;23m[m[48;2;13;16;23m [m[38;2;37;44;58;48;2;18;22;31m│[m[48;2;18;22;31m                                                              [m[38;2;37;44;58;48;2;18;22;31m│[m[48;2;13;16;23m[m[48;2;13;16;23m [m[38;2;37;44;58;48;2;18;22;31m│[m[48;2;18;22;31m                                                              [m[38;2;37;44;58;48;2;18;22;31m│[m[48;2;13;16;23m[m[48;2;13;16;23m [m[38;2;37;44;58;48;2;18;22;31m│[m[48;2;18;22;31m [m[38;2;92;100;116;48;2;18;22;31m[m[48;2;18;22;31m  [m[38;2;37;44;58;48;2;18;22;31m│[m[48;2;13;16;23m[m[48;2;13;16;23m[m
[38;2;79;142;247;48;2;18;22;31m│[m[48;2;18;22;31m                                                              [m[38;2;79;142;247;48;2;18;22;31m│[m[48;2;13;16;23m[m[48;2;13;16;23m [m[38;2;37;44;58;48;2;18;22;31m│[m[48;2;18;22;31m                                                              [m[38;2;37;44;58;48;2;18;22;31m│[m[48;2;13;16;23m[m[48;2;13;16;23m [m[38;2;37;44;58;48;2;18;22;31m│[m[48;2;18;22;31m                                                              [m[38;2;37;44;58;48;2;18;22;31m│[m[48;2;13;16;23m[m[48;2;13;16;23m [m[38;2;37;44;58;48;2;18;22;31m│[m[48;2;18;22;31m [m[38;2;92;100;116;48;2;18;22;31m[m[48;2;18;22;31m  [m[38;2;37;44;58;48;2;18;22;31m│[m[48;2;13;16;23m[m[48;2;13;16;23m[m
[38;2;79;142;247;48;2;18;22;31m│[m[48;2;18;22;31m                                                              [m[38;2;79;142;247;48;2;18;22;31m│[m[48;2;13;16;23m[m[48;2;13;16;23m [m[38;2;37;44;58;48;2;18;22;31m│[m[48;2;18;22;31m                                                              [m[38;2;37;44;58;48;2;18;22;31m│[m[48;2;13;16;23m[m[48;2;13;16;23m [m[38;2;37;44;58;48;2;18;22;31m│[m[48;2;18;22;31m                                                              [m[38;2;37;44;58;48;2;18;22;31m│[m[48;2;13;16;23m[m[48;2;13;16;23m [m[38;2;37;44;58;48;2;18;22;31m│[m[48;2;18;22;31m [m[38;2;92;100;116;48;2;18;22;31m[m[48;2;18;22;31m  [m[38;2;37;44;58;48;2;18;22;31m│[m[48;2;13;16;23m[m[48;2;13;16;23m[m
[38;2;79;142;247;48;2;18;22;31m│[m[48;2;18;22;31m                                                              [m[38;2;79;142;247;48;2;18;22;31m│[m[48;2;13;16;23m[m[48;2;13;16;23m [m[38;2;37;44;58;48;2;18;22;31m│[m[48;2;18;22;31m                                                              [m[38;2;37;44;58;48;2;18;22;31m│[m[48;2;13;16;23m[m[48;2;13;16;23m [m[38;2;37;44;58;48;2;18;22;31m│[m[48;2;18;22;31m                                                              [m[38;2;37;44;58;48;2;18;22;31m│[m[48;2;13;16;23m[m[48;2;13;16;23m [m[38;2;37;44;58;48;2;18;22;31m│[m[48;2;18;22;31m [m[38;2;92;100;116;48;2;18;22;31m[m[48;2;18;22;31m  [m[38;2;37;44;58;48;2;18;22;31m│[m[48;2;13;16;23m[m[48;2;13;16;23m[m
[38;2;79;142;247;48;2;18;22;31m│[m[48;2;18;22;31m                                                              [m[38;2;79;142;247;48;2;18;22;31m│[m[48;2;13;16;23m[m[48;2;13;16;23m [m[38;2;37;44;58;48;2;18;22;31m│[m[48;2;18;22;31m                                                              [m[38;2;37;44;58;48;2;18;22;31m│[m[48;2;13;16;23m[m[48;2;13;16;23m [m[38;2;37;44;58;48;2;18;22;31m│[m[48;2;18;22;31m                                                              [m[38;2;37;44;58;48;2;18;22;31m│[m[48;2;13;16;23m[m[48;2;13;16;23m [m[38;2;37;44;58;48;2;18;22;31m│[m[48;2;18;22;31m [m[38;2;92;100;116;48;2;18;22;31m[m[48;2;18;22;31m  [m[38;2;37;44;58;48;2;18;22;31m│[m[48;2;13;16;23m[m[48;2;13;16;23m[m
[38;2;79;142;247;48;2;18;22;31m╰──────────────────────────────────────────────────────────────╯[m[48;2;13;16;23m[m[48;2;13;16;23m [m[38;2;37;44;58;48;2;18;22;31m╰──────────────────────────────────────────────────────────────╯[m[48;2;13;16;23m[m[48;2;13;16;23m [m[38;2;37;44;58;48;2;18;22;31m╰──────────────────────────────────────────────────────────────╯[m[48;2;13;16;23m[m[48;2;13;16;23m [m[38;2;37;44;58;48;2;18;22;31m╰───╯[m[48;2;13;16;23m[m[48;2;13;16;23m[m
[38;2;92;100;116;48;2;22;27;37m [m[1;38;2;139;147;163;48;2;22;27;37mj/k[m[38;2;92;100;116;48;2;22;27;37m cards[m[38;2;34;40;54;48;2;22;27;37m │ [m[1;38;2;139;147;163;48;2;22;27;37mh/l[m[38;2;92;100;116;48;2;22;27;37m columns[m[38;2;34;40;54;48;2;22;27;37m │ [m[1;38;2;139;147;163;48;2;22;27;37menter[m[38;2;92;100;116;48;2;22;27;37m open[m[38;2;34;40;54;48;2;22;27;37m │ [m[1;38;2;139;147;163;48;2;22;27;37mn[m[38;2;92;100;116;48;2;22;27;37m new[m[38;2;34;40;54;48;2;22;27;37m │ [m[1;38;2;139;147;163;48;2;22;27;37mc[m[38;2;92;100;116;48;2;22;27;37m cancelled:off[m[38;2;34;40;54;48;2;22;27;37m │ [m[1;38;2;139;147;163;48;2;22;27;37m/[m[38;2;92;100;116;48;2;22;27;37m filter[m[38;2;34;40;54;48;2;22;27;37m │ [m[1;38;2;139;147;163;48;2;22;27;37m?[m[38;2;92;100;116;48;2;22;27;37m help[m[38;2;34;40;54;48;2;22;27;37m │ [m[1;38;2;139;147;163;48;2;22;27;37mq[m[38;2;92;100;116;48;2;22;27;37m quit[m[38;2;92;100;116;48;2;22;27;37m                                                                                        [m[38;2;92;100;116;48;2;22;27;37mweb-faithful · #137 [m
