[1;38;2;79;142;247;48;2;22;27;37m▌kb[m[38;2;215;220;229;48;2;22;27;37m  board[m[38;2;92;100;116;48;2;22;27;37m · [m[38;2;215;220;229;48;2;22;27;37mkb/main[m[38;2;92;100;116;48;2;22;27;37m   [m[38;2;139;147;163;48;2;22;27;37m7 open[m[38;2;92;100;116;48;2;22;27;37m  ·  [m[38;2;139;147;163;48;2;22;27;37m6 cancelled hidden[m[38;2;92;100;116;48;2;22;27;37m  ·  [m[38;2;139;147;163;48;2;22;27;37mtruecolor[m[38;2;139;147;163;48;2;22;27;37m             [m[38;2;139;147;163;48;2;22;27;37m [m
[38;2;139;147;163;48;2;13;16;23m ⌕ [m[38;2;92;100;116;48;2;13;16;23mfilter cards[m[38;2;92;100;116;48;2;13;16;23m   [m[48;2;79;142;247m [m[1;38;2;13;16;23;48;2;79;142;247mx area::tui[m[48;2;79;142;247m [m[38;2;92;100;116;48;2;13;16;23m [m[48;2;22;27;37m [m[38;2;139;147;163;48;2;22;27;37m+ type::bug[m[48;2;22;27;37m [m[38;2;92;100;116;48;2;13;16;23m [m[48;2;22;27;37m [m[38;2;139;147;163;48;2;22;27;37m+ github#12[m[48;2;22;27;37m [m[38;2;92;100;116;48;2;13;16;23m      [m[38;2;92;100;116;48;2;13;16;23m10 of 16 cards [m
[38;2;79;142;247;48;2;18;22;31m╭──────────────────────╮[m[48;2;13;16;23m[m[48;2;13;16;23m [m[38;2;37;44;58;48;2;18;22;31m╭──────────────────────╮[m[48;2;13;16;23m[m[48;2;13;16;23m [m[38;2;37;44;58;48;2;18;22;31m╭──────────────────────╮[m[48;2;13;16;23m[m[48;2;13;16;23m [m[38;2;37;44;58;48;2;18;22;31m╭───╮[m[48;2;13;16;23m[m[48;2;13;16;23m[m
[38;2;79;142;247;48;2;18;22;31m│[m[48;2;34;49;77m [m[38;2;122;162;247;48;2;34;49;77m●[m[1;38;2;215;220;229;48;2;34;49;77m TO DO[m[48;2;34;49;77m            [m[1;38;2;79;142;247;48;2;34;49;77m4 [m[38;2;79;142;247;48;2;18;22;31m│[m[48;2;13;16;23m[m[48;2;13;16;23m [m[38;2;37;44;58;48;2;18;22;31m│[m[48;2;26;31;43m [m[38;2;224;175;104;48;2;26;31;43m●[m[1;38;2;139;147;163;48;2;26;31;43m DOING[m[48;2;26;31;43m            [m[38;2;92;100;116;48;2;26;31;43m3 [m[38;2;37;44;58;48;2;18;22;31m│[m[48;2;13;16;23m[m[48;2;13;16;23m [m[38;2;37;44;58;48;2;18;22;31m│[m[48;2;26;31;43m [m[38;2;158;206;106;48;2;26;31;43m●[m[1;38;2;139;147;163;48;2;26;31;43m DONE[m[48;2;26;31;43m             [m[38;2;92;100;116;48;2;26;31;43m3 [m[38;2;37;44;58;48;2;18;22;31m│[m[48;2;13;16;23m[m[48;2;13;16;23m [m[38;2;37;44;58;48;2;18;22;31m│[m[48;2;26;31;43m [m[38;2;107;114;128;48;2;26;31;43m⊘[m[48;2;26;31;43m [m[38;2;37;44;58;48;2;18;22;31m│[m[48;2;13;16;23m[m[48;2;13;16;23m[m
[38;2;79;142;247;48;2;18;22;31m├──────────────────────┤[m[48;2;13;16;23m[m[48;2;13;16;23m [m[38;2;37;44;58;48;2;18;22;31m├──────────────────────┤[m[48;2;13;16;23m[m[48;2;13;16;23m [m[38;2;37;44;58;48;2;18;22;31m├──────────────────────┤[m[48;2;13;16;23m[m[48;2;13;16;23m [m[38;2;37;44;58;48;2;18;22;31m├───┤[m[48;2;13;16;23m[m[48;2;13;16;23m[m
[38;2;79;142;247;48;2;18;22;31m│[m[48;2;18;22;31m [m[38;2;79;142;247;48;2;18;22;31m╭──────────────────╮[m[48;2;18;22;31m [m[38;2;79;142;247;48;2;18;22;31m│[m[48;2;13;16;23m[m[48;2;13;16;23m [m[38;2;37;44;58;48;2;18;22;31m│[m[48;2;18;22;31m [m[38;2;46;54;70;48;2;18;22;31m╭──────────────────╮[m[48;2;18;22;31m [m[38;2;37;44;58;48;2;18;22;31m│[m[48;2;13;16;23m[m[48;2;13;16;23m [m[38;2;37;44;58;48;2;18;22;31m│[m[48;2;18;22;31m [m[38;2;46;54;70;48;2;18;22;31m╭──────────────────╮[m[48;2;18;22;31m [m[38;2;37;44;58;48;2;18;22;31m│[m[48;2;13;16;23m[m[48;2;13;16;23m [m[38;2;37;44;58;48;2;18;22;31m│[m[48;2;18;22;31m [m[1;38;2;139;147;163;48;2;18;22;31m6[m[48;2;18;22;31m [m[38;2;37;44;58;48;2;18;22;31m│[m[48;2;13;16;23m[m[48;2;13;16;23m[m
[38;2;79;142;247;48;2;18;22;31m│[m[48;2;18;22;31m [m[38;2;79;142;247;48;2;18;22;31m│[m[48;2;30;38;55m [m[48;2;30;38;55m[1;38;2;215;220;229;48;2;30;38;55m🐛 Pointer…[m[38;2;139;147;163;48;2;30;38;55m [m[38;2;79;142;247;48;2;30;38;55m#142[m[m[48;2;30;38;55m [m[38;2;79;142;247;48;2;18;22;31m│[m[48;2;18;22;31m [m[38;2;79;142;247;48;2;18;22;31m│[m[48;2;13;16;23m[m[48;2;13;16;23m [m[38;2;37;44;58;48;2;18;22;31m│[m[48;2;18;22;31m [m[38;2;46;54;70;48;2;18;22;31m│[m[48;2;22;27;37m [m[48;2;22;27;37m[1;38;2;215;220;229;48;2;22;27;37m🚀 Panel-f…[m[38;2;139;147;163;48;2;22;27;37m [m[38;2;92;100;116;48;2;22;27;37m#140[m[m[48;2;22;27;37m [m[38;2;46;54;70;48;2;18;22;31m│[m[48;2;18;22;31m [m[38;2;37;44;58;48;2;18;22;31m│[m[48;2;13;16;23m[m[48;2;13;16;23m [m[38;2;37;44;58;48;2;18;22;31m│[m[48;2;18;22;31m [m[38;2;46;54;70;48;2;18;22;31m│[m[48;2;22;27;37m [m[48;2;22;27;37m[1;38;2;215;220;229;48;2;22;27;37m📦 lipglos…[m[38;2;139;147;163;48;2;22;27;37m [m[38;2;92;100;116;48;2;22;27;37m#138[m[m[48;2;22;27;37m [m[38;2;46;54;70;48;2;18;22;31m│[m[48;2;18;22;31m [m[38;2;37;44;58;48;2;18;22;31m│[m[48;2;13;16;23m[m[48;2;13;16;23m [m[38;2;37;44;58;48;2;18;22;31m│[m[48;2;18;22;31m [m[38;2;92;100;116;48;2;18;22;31m[m[48;2;18;22;31m  [m[38;2;37;44;58;48;2;18;22;31m│[m[48;2;13;16;23m[m[48;2;13;16;23m[m
[38;2;79;142;247;48;2;18;22;31m│[m[48;2;18;22;31m [m[38;2;79;142;247;48;2;18;22;31m│[m[48;2;30;38;55m [m[48;2;30;38;55m[1;38;2;255;138;122;48;2;58;26;24m P1 [m[38;2;139;147;163;48;2;30;38;55m [m[38;2;255;176;32;48;2;58;42;18m ⛔ [m[38;2;139;147;163;48;2;30;38;55m [m[38;2;139;147;163;48;2;30;38;55m+5[m[38;2;139;147;163;48;2;30;38;55m  [m[38;2;139;147;163;48;2;30;38;55m3d[m[m[48;2;30;38;55m [m[38;2;79;142;247;48;2;18;22;31m│[m[48;2;18;22;31m [m[38;2;79;142;247;48;2;18;22;31m│[m[48;2;13;16;23m[m[48;2;13;16;23m [m[38;2;37;44;58;48;2;18;22;31m│[m[48;2;18;22;31m [m[38;2;46;54;70;48;2;18;22;31m│[m[48;2;22;27;37m [m[48;2;22;27;37m[1;38;2;255;138;122;48;2;58;26;24m P1 [m[38;2;139;147;163;48;2;22;27;37m [m[38;2;158;206;106;48;2;22;48;31m ◷today [m[38;2;139;147;163;48;2;22;27;37m [m[38;2;139;147;163;48;2;22;27;37m5h[m[m[48;2;22;27;37m [m[38;2;46;54;70;48;2;18;22;31m│[m[48;2;18;22;31m [m[38;2;37;44;58;48;2;18;22;31m│[m[48;2;13;16;23m[m[48;2;13;16;23m [m[38;2;37;44;58;48;2;18;22;31m│[m[48;2;18;22;31m [m[38;2;46;54;70;48;2;18;22;31m│[m[48;2;22;27;37m [m[48;2;22;27;37m[1;38;2;255;196;107;48;2;58;44;18m P2 [m[38;2;139;147;163;48;2;22;27;37m [m[38;2;139;147;163;48;2;35;40;51m M [m[38;2;139;147;163;48;2;22;27;37m [m[38;2;139;147;163;48;2;22;27;37m+1[m[38;2;139;147;163;48;2;22;27;37m    [m[38;2;139;147;163;48;2;22;27;37m✓[m[m[48;2;22;27;37m [m[38;2;46;54;70;48;2;18;22;31m│[m[48;2;18;22;31m [m[38;2;37;44;58;48;2;18;22;31m│[m[48;2;13;16;23m[m[48;2;13;16;23m [m[38;2;37;44;58;48;2;18;22;31m│[m[48;2;18;22;31m [m[38;2;92;100;116;48;2;18;22;31m[m[48;2;18;22;31m  [m[38;2;37;44;58;48;2;18;22;31m│[m[48;2;13;16;23m[m[48;2;13;16;23m[m
[38;2;79;142;247;48;2;18;22;31m│[m[48;2;18;22;31m [m[38;2;79;142;247;48;2;18;22;31m╰──────────────────╯[m[48;2;18;22;31m [m[38;2;79;142;247;48;2;18;22;31m│[m[48;2;13;16;23m[m[48;2;13;16;23m [m[38;2;37;44;58;48;2;18;22;31m│[m[48;2;18;22;31m [m[38;2;46;54;70;48;2;18;22;31m╰──────────────────╯[m[48;2;18;22;31m [m[38;2;37;44;58;48;2;18;22;31m│[m[48;2;13;16;23m[m[48;2;13;16;23m [m[38;2;37;44;58;48;2;18;22;31m│[m[48;2;18;22;31m [m[38;2;46;54;70;48;2;18;22;31m╰──────────────────╯[m[48;2;18;22;31m [m[38;2;37;44;58;48;2;18;22;31m│[m[48;2;13;16;23m[m[48;2;13;16;23m [m[38;2;37;44;58;48;2;18;22;31m│[m[48;2;18;22;31m [m[38;2;92;100;116;48;2;18;22;31m[m[48;2;18;22;31m  [m[38;2;37;44;58;48;2;18;22;31m│[m[48;2;13;16;23m[m[48;2;13;16;23m[m
[38;2;79;142;247;48;2;18;22;31m│[m[48;2;18;22;31m                      [m[38;2;79;142;247;48;2;18;22;31m│[m[48;2;13;16;23m[m[48;2;13;16;23m [m[38;2;37;44;58;48;2;18;22;31m│[m[48;2;18;22;31m                      [m[38;2;37;44;58;48;2;18;22;31m│[m[48;2;13;16;23m[m[48;2;13;16;23m [m[38;2;37;44;58;48;2;18;22;31m│[m[48;2;18;22;31m                      [m[38;2;37;44;58;48;2;18;22;31m│[m[48;2;13;16;23m[m[48;2;13;16;23m [m[38;2;37;44;58;48;2;18;22;31m│[m[48;2;18;22;31m [m[38;2;92;100;116;48;2;18;22;31mC[m[48;2;18;22;31m [m[38;2;37;44;58;48;2;18;22;31m│[m[48;2;13;16;23m[m[48;2;13;16;23m[m
[38;2;79;142;247;48;2;18;22;31m│[m[48;2;18;22;31m [m[38;2;46;54;70;48;2;18;22;31m╭──────────────────╮[m[48;2;18;22;31m [m[38;2;79;142;247;48;2;18;22;31m│[m[48;2;13;16;23m[m[48;2;13;16;23m [m[38;2;37;44;58;48;2;18;22;31m│[m[48;2;18;22;31m [m[38;2;46;54;70;48;2;18;22;31m╭──────────────────╮[m[48;2;18;22;31m [m[38;2;37;44;58;48;2;18;22;31m│[m[48;2;13;16;23m[m[48;2;13;16;23m [m[38;2;37;44;58;48;2;18;22;31m│[m[48;2;18;22;31m [m[38;2;46;54;70;48;2;18;22;31m╭──────────────────╮[m[48;2;18;22;31m [m[38;2;37;44;58;48;2;18;22;31m│[m[48;2;13;16;23m[m[48;2;13;16;23m [m[38;2;37;44;58;48;2;18;22;31m│[m[48;2;18;22;31m [m[38;2;92;100;116;48;2;18;22;31mA[m[48;2;18;22;31m [m[38;2;37;44;58;48;2;18;22;31m│[m[48;2;13;16;23m[m[48;2;13;16;23m[m
[38;2;79;142;247;48;2;18;22;31m│[m[48;2;18;22;31m [m[38;2;46;54;70;48;2;18;22;31m│[m[48;2;22;27;37m [m[48;2;22;27;37m[1;38;2;215;220;229;48;2;22;27;37m✨ Design …[m[38;2;139;147;163;48;2;22;27;37m [m[38;2;92;100;116;48;2;22;27;37m#139[m[m[48;2;22;27;37m [m[38;2;46;54;70;48;2;18;22;31m│[m[48;2;18;22;31m [m[38;2;79;142;247;48;2;18;22;31m│[m[48;2;13;16;23m[m[48;2;13;16;23m [m[38;2;37;44;58;48;2;18;22;31m│[m[48;2;18;22;31m [m[38;2;46;54;70;48;2;18;22;31m│[m[48;2;22;27;37m [m[48;2;22;27;37m[1;38;2;215;220;229;48;2;22;27;37m🧪 Golden …[m[38;2;139;147;163;48;2;22;27;37m [m[38;2;92;100;116;48;2;22;27;37m#141[m[m[48;2;22;27;37m [m[38;2;46;54;70;48;2;18;22;31m│[m[48;2;18;22;31m [m[38;2;37;44;58;48;2;18;22;31m│[m[48;2;13;16;23m[m[48;2;13;16;23m [m[38;2;37;44;58;48;2;18;22;31m│[m[48;2;18;22;31m [m[38;2;46;54;70;48;2;18;22;31m│[m[48;2;22;27;37m [m[48;2;22;27;37m[1;38;2;215;220;229;48;2;22;27;37m✨ LightDa…[m[38;2;139;147;163;48;2;22;27;37m [m[38;2;92;100;116;48;2;22;27;37m#135[m[m[48;2;22;27;37m [m[38;2;46;54;70;48;2;18;22;31m│[m[48;2;18;22;31m [m[38;2;37;44;58;48;2;18;22;31m│[m[48;2;13;16;23m[m[48;2;13;16;23m [m[38;2;37;44;58;48;2;18;22;31m│[m[48;2;18;22;31m [m[38;2;92;100;116;48;2;18;22;31mN[m[48;2;18;22;31m [m[38;2;37;44;58;48;2;18;22;31m│[m[48;2;13;16;23m[m[48;2;13;16;23m[m
[38;2;79;142;247;48;2;18;22;31m│[m[48;2;18;22;31m [m[38;2;46;54;70;48;2;18;22;31m│[m[48;2;22;27;37m [m[48;2;22;27;37m[1;38;2;255;196;107;48;2;58;44;18m P2 [m[38;2;139;147;163;48;2;22;27;37m [m[38;2;158;206;106;48;2;22;48;31m ◷3d [m[38;2;139;147;163;48;2;22;27;37m [m[38;2;139;147;163;48;2;22;27;37m+3[m[38;2;139;147;163;48;2;22;27;37m [m[38;2;139;147;163;48;2;22;27;37m1d[m[m[48;2;22;27;37m [m[38;2;46;54;70;48;2;18;22;31m│[m[48;2;18;22;31m [m[38;2;79;142;247;48;2;18;22;31m│[m[48;2;13;16;23m[m[48;2;13;16;23m [m[38;2;37;44;58;48;2;18;22;31m│[m[48;2;18;22;31m [m[38;2;46;54;70;48;2;18;22;31m│[m[48;2;22;27;37m [m[48;2;22;27;37m[1;38;2;138;180;248;48;2;22;40;63m P3 [m[38;2;139;147;163;48;2;22;27;37m [m[38;2;139;147;163;48;2;35;40;51m M [m[38;2;139;147;163;48;2;22;27;37m [m[38;2;139;147;163;48;2;22;27;37m+1[m[38;2;139;147;163;48;2;22;27;37m   [m[38;2;139;147;163;48;2;22;27;37m2d[m[m[48;2;22;27;37m [m[38;2;46;54;70;48;2;18;22;31m│[m[48;2;18;22;31m [m[38;2;37;44;58;48;2;18;22;31m│[m[48;2;13;16;23m[m[48;2;13;16;23m [m[38;2;37;44;58;48;2;18;22;31m│[m[48;2;18;22;31m [m[38;2;46;54;70;48;2;18;22;31m│[m[48;2;22;27;37m [m[48;2;22;27;37m[1;38;2;138;180;248;48;2;22;40;63m P3 [m[38;2;139;147;163;48;2;22;27;37m [m[38;2;255;196;107;48;2;51;41;15m feature [m[38;2;139;147;163;48;2;22;27;37m [m[38;2;139;147;163;48;2;22;27;37m✓[m[m[48;2;22;27;37m [m[38;2;46;54;70;48;2;18;22;31m│[m[48;2;18;22;31m [m[38;2;37;44;58;48;2;18;22;31m│[m[48;2;13;16;23m[m[48;2;13;16;23m [m[38;2;37;44;58;48;2;18;22;31m│[m[48;2;18;22;31m [m[38;2;92;100;116;48;2;18;22;31mC[m[48;2;18;22;31m [m[38;2;37;44;58;48;2;18;22;31m│[m[48;2;13;16;23m[m[48;2;13;16;23m[m
[38;2;79;142;247;48;2;18;22;31m│[m[48;2;18;22;31m [m[38;2;46;54;70;48;2;18;22;31m╰──────────────────╯[m[48;2;18;22;31m [m[38;2;79;142;247;48;2;18;22;31m│[m[48;2;13;16;23m[m[48;2;13;16;23m [m[38;2;37;44;58;48;2;18;22;31m│[m[48;2;18;22;31m [m[38;2;46;54;70;48;2;18;22;31m╰──────────────────╯[m[48;2;18;22;31m [m[38;2;37;44;58;48;2;18;22;31m│[m[48;2;13;16;23m[m[48;2;13;16;23m [m[38;2;37;44;58;48;2;18;22;31m│[m[48;2;18;22;31m [m[38;2;46;54;70;48;2;18;22;31m╰──────────────────╯[m[48;2;18;22;31m [m[38;2;37;44;58;48;2;18;22;31m│[m[48;2;13;16;23m[m[48;2;13;16;23m [m[38;2;37;44;58;48;2;18;22;31m│[m[48;2;18;22;31m [m[38;2;92;100;116;48;2;18;22;31mE[m[48;2;18;22;31m [m[38;2;37;44;58;48;2;18;22;31m│[m[48;2;13;16;23m[m[48;2;13;16;23m[m
[38;2;79;142;247;48;2;18;22;31m│[m[48;2;18;22;31m                      [m[38;2;79;142;247;48;2;18;22;31m│[m[48;2;13;16;23m[m[48;2;13;16;23m [m[38;2;37;44;58;48;2;18;22;31m│[m[48;2;18;22;31m                      [m[38;2;37;44;58;48;2;18;22;31m│[m[48;2;13;16;23m[m[48;2;13;16;23m [m[38;2;37;44;58;48;2;18;22;31m│[m[48;2;18;22;31m                      [m[38;2;37;44;58;48;2;18;22;31m│[m[48;2;13;16;23m[m[48;2;13;16;23m [m[38;2;37;44;58;48;2;18;22;31m│[m[48;2;18;22;31m [m[38;2;92;100;116;48;2;18;22;31mL[m[48;2;18;22;31m [m[38;2;37;44;58;48;2;18;22;31m│[m[48;2;13;16;23m[m[48;2;13;16;23m[m
[38;2;79;142;247;48;2;18;22;31m│[m[48;2;18;22;31m [m[38;2;46;54;70;48;2;18;22;31m╭──────────────────╮[m[48;2;18;22;31m [m[38;2;79;142;247;48;2;18;22;31m│[m[48;2;13;16;23m[m[48;2;13;16;23m [m[38;2;37;44;58;48;2;18;22;31m│[m[48;2;18;22;31m [m[38;2;46;54;70;48;2;18;22;31m╭──────────────────╮[m[48;2;18;22;31m [m[38;2;37;44;58;48;2;18;22;31m│[m[48;2;13;16;23m[m[48;2;13;16;23m [m[38;2;37;44;58;48;2;18;22;31m│[m[48;2;18;22;31m [m[38;2;46;54;70;48;2;18;22;31m╭──────────────────╮[m[48;2;18;22;31m [m[38;2;37;44;58;48;2;18;22;31m│[m[48;2;13;16;23m[m[48;2;13;16;23m [m[38;2;37;44;58;48;2;18;22;31m│[m[48;2;18;22;31m [m[38;2;92;100;116;48;2;18;22;31mL[m[48;2;18;22;31m [m[38;2;37;44;58;48;2;18;22;31m│[m[48;2;13;16;23m[m[48;2;13;16;23m[m
[38;2;79;142;247;48;2;18;22;31m│[m[48;2;18;22;31m [m[38;2;46;54;70;48;2;18;22;31m│[m[48;2;22;27;37m [m[48;2;22;27;37m[1;38;2;215;220;229;48;2;22;27;37m🔒 Redact …[m[38;2;139;147;163;48;2;22;27;37m [m[38;2;92;100;116;48;2;22;27;37m#144[m[m[48;2;22;27;37m [m[38;2;46;54;70;48;2;18;22;31m│[m[48;2;18;22;31m [m[38;2;79;142;247;48;2;18;22;31m│[m[48;2;13;16;23m[m[48;2;13;16;23m [m[38;2;37;44;58;48;2;18;22;31m│[m[48;2;18;22;31m [m[38;2;46;54;70;48;2;18;22;31m│[m[48;2;22;27;37m [m[48;2;22;27;37m[1;38;2;215;220;229;48;2;22;27;37m🔧 GetFram…[m[38;2;139;147;163;48;2;22;27;37m [m[38;2;92;100;116;48;2;22;27;37m#143[m[m[48;2;22;27;37m [m[38;2;46;54;70;48;2;18;22;31m│[m[48;2;18;22;31m [m[38;2;37;44;58;48;2;18;22;31m│[m[48;2;13;16;23m[m[48;2;13;16;23m [m[38;2;37;44;58;48;2;18;22;31m│[m[48;2;18;22;31m [m[38;2;46;54;70;48;2;18;22;31m│[m[48;2;22;27;37m [m[48;2;22;27;37m[1;38;2;215;220;229;48;2;22;27;37m🐛 Fix col…[m[38;2;139;147;163;48;2;22;27;37m [m[38;2;92;100;116;48;2;22;27;37m#131[m[m[48;2;22;27;37m [m[38;2;46;54;70;48;2;18;22;31m│[m[48;2;18;22;31m [m[38;2;37;44;58;48;2;18;22;31m│[m[48;2;13;16;23m[m[48;2;13;16;23m [m[38;2;37;44;58;48;2;18;22;31m│[m[48;2;18;22;31m [m[38;2;92;100;116;48;2;18;22;31mE[m[48;2;18;22;31m [m[38;2;37;44;58;48;2;18;22;31m│[m[48;2;13;16;23m[m[48;2;13;16;23m[m
[38;2;79;142;247;48;2;18;22;31m│[m[48;2;18;22;31m [m[38;2;46;54;70;48;2;18;22;31m│[m[48;2;22;27;37m [m[48;2;22;27;37m[1;38;2;255;196;107;48;2;58;44;18m P2 [m[38;2;139;147;163;48;2;22;27;37m [m[38;2;139;147;163;48;2;35;40;51m S [m[38;2;139;147;163;48;2;22;27;37m [m[38;2;139;147;163;48;2;22;27;37m+2[m[38;2;139;147;163;48;2;22;27;37m  [m[38;2;139;147;163;48;2;22;27;37mnew[m[m[48;2;22;27;37m [m[38;2;46;54;70;48;2;18;22;31m│[m[48;2;18;22;31m [m[38;2;79;142;247;48;2;18;22;31m│[m[48;2;13;16;23m[m[48;2;13;16;23m [m[38;2;37;44;58;48;2;18;22;31m│[m[48;2;18;22;31m [m[38;2;46;54;70;48;2;18;22;31m│[m[48;2;22;27;37m [m[48;2;22;27;37m[1;38;2;255;196;107;48;2;58;44;18m P2 [m[38;2;139;147;163;48;2;22;27;37m [m[38;2;255;176;32;48;2;58;42;18m ⛔ [m[38;2;139;147;163;48;2;22;27;37m [m[38;2;139;147;163;48;2;22;27;37m+2[m[38;2;139;147;163;48;2;22;27;37m  [m[38;2;139;147;163;48;2;22;27;37m1d[m[m[48;2;22;27;37m [m[38;2;46;54;70;48;2;18;22;31m│[m[48;2;18;22;31m [m[38;2;37;44;58;48;2;18;22;31m│[m[48;2;13;16;23m[m[48;2;13;16;23m [m[38;2;37;44;58;48;2;18;22;31m│[m[48;2;18;22;31m [m[38;2;46;54;70;48;2;18;22;31m│[m[48;2;22;27;37m [m[48;2;22;27;37m[1;38;2;255;138;122;48;2;58;26;24m P1 [m[38;2;139;147;163;48;2;22;27;37m [m[38;2;255;196;107;48;2;51;41;15m bug [m[38;2;139;147;163;48;2;22;27;37m [m[38;2;139;147;163;48;2;22;27;37m+1[m[38;2;139;147;163;48;2;22;27;37m  [m[38;2;139;147;163;48;2;22;27;37m✓[m[m[48;2;22;27;37m [m[38;2;46;54;70;48;2;18;22;31m│[m[48;2;18;22;31m [m[38;2;37;44;58;48;2;18;22;31m│[m[48;2;13;16;23m[m[48;2;13;16;23m [m[38;2;37;44;58;48;2;18;22;31m│[m[48;2;18;22;31m [m[38;2;92;100;116;48;2;18;22;31mD[m[48;2;18;22;31m [m[38;2;37;44;58;48;2;18;22;31m│[m[48;2;13;16;23m[m[48;2;13;16;23m[m
[38;2;79;142;247;48;2;18;22;31m│[m[48;2;18;22;31m [m[38;2;46;54;70;48;2;18;22;31m╰──────────────────╯[m[48;2;18;22;31m [m[38;2;79;142;247;48;2;18;22;31m│[m[48;2;13;16;23m[m[48;2;13;16;23m [m[38;2;37;44;58;48;2;18;22;31m│[m[48;2;18;22;31m [m[38;2;46;54;70;48;2;18;22;31m╰──────────────────╯[m[48;2;18;22;31m [m[38;2;37;44;58;48;2;18;22;31m│[m[48;2;13;16;23m[m[48;2;13;16;23m [m[38;2;37;44;58;48;2;18;22;31m│[m[48;2;18;22;31m [m[38;2;46;54;70;48;2;18;22;31m╰──────────────────╯[m[48;2;18;22;31m [m[38;2;37;44;58;48;2;18;22;31m│[m[48;2;13;16;23m[m[48;2;13;16;23m [m[38;2;37;44;58;48;2;18;22;31m│[m[48;2;18;22;31m [m[38;2;92;100;116;48;2;18;22;31m[m[48;2;18;22;31m  [m[38;2;37;44;58;48;2;18;22;31m│[m[48;2;13;16;23m[m[48;2;13;16;23m[m
[38;2;79;142;247;48;2;18;22;31m│[m[48;2;18;22;31m [m[3;38;2;92;100;116;48;2;18;22;31m+1 more[m[48;2;18;22;31m             [m[48;2;18;22;31m [m[38;2;79;142;247;48;2;18;22;31m│[m[48;2;13;16;23m[m[48;2;13;16;23m [m[38;2;37;44;58;48;2;18;22;31m│[m[48;2;18;22;31m                      [m[38;2;37;44;58;48;2;18;22;31m│[m[48;2;13;16;23m[m[48;2;13;16;23m [m[38;2;37;44;58;48;2;18;22;31m│[m[48;2;18;22;31m                      [m[38;2;37;44;58;48;2;18;22;31m│[m[48;2;13;16;23m[m[48;2;13;16;23m [m[38;2;37;44;58;48;2;18;22;31m│[m[48;2;18;22;31m [m[38;2;92;100;116;48;2;18;22;31m[m[48;2;18;22;31m  [m[38;2;37;44;58;48;2;18;22;31m│[m[48;2;13;16;23m[m[48;2;13;16;23m[m
[38;2;79;142;247;48;2;18;22;31m│[m[48;2;18;22;31m                      [m[38;2;79;142;247;48;2;18;22;31m│[m[48;2;13;16;23m[m[48;2;13;16;23m [m[38;2;37;44;58;48;2;18;22;31m│[m[48;2;18;22;31m                      [m[38;2;37;44;58;48;2;18;22;31m│[m[48;2;13;16;23m[m[48;2;13;16;23m [m[38;2;37;44;58;48;2;18;22;31m│[m[48;2;18;22;31m                      [m[38;2;37;44;58;48;2;18;22;31m│[m[48;2;13;16;23m[m[48;2;13;16;23m [m[38;2;37;44;58;48;2;18;22;31m│[m[48;2;18;22;31m [m[38;2;92;100;116;48;2;18;22;31m[m[48;2;18;22;31m  [m[38;2;37;44;58;48;2;18;22;31m│[m[48;2;13;16;23m[m[48;2;13;16;23m[m
[38;2;79;142;247;48;2;18;22;31m│[m[48;2;18;22;31m                      [m[38;2;79;142;247;48;2;18;22;31m│[m[48;2;13;16;23m[m[48;2;13;16;23m [m[38;2;37;44;58;48;2;18;22;31m│[m[48;2;18;22;31m                      [m[38;2;37;44;58;48;2;18;22;31m│[m[48;2;13;16;23m[m[48;2;13;16;23m [m[38;2;37;44;58;48;2;18;22;31m│[m[48;2;18;22;31m                      [m[38;2;37;44;58;48;2;18;22;31m│[m[48;2;13;16;23m[m[48;2;13;16;23m [m[38;2;37;44;58;48;2;18;22;31m│[m[48;2;18;22;31m [m[38;2;92;100;116;48;2;18;22;31m[m[48;2;18;22;31m  [m[38;2;37;44;58;48;2;18;22;31m│[m[48;2;13;16;23m[m[48;2;13;16;23m[m
[38;2;79;142;247;48;2;18;22;31m╰──────────────────────╯[m[48;2;13;16;23m[m[48;2;13;16;23m [m[38;2;37;44;58;48;2;18;22;31m╰──────────────────────╯[m[48;2;13;16;23m[m[48;2;13;16;23m [m[38;2;37;44;58;48;2;18;22;31m╰──────────────────────╯[m[48;2;13;16;23m[m[48;2;13;16;23m [m[38;2;37;44;58;48;2;18;22;31m╰───╯[m[48;2;13;16;23m[m[48;2;13;16;23m[m
[38;2;92;100;116;48;2;22;27;37m [m[1;38;2;139;147;163;48;2;22;27;37mj/k[m[38;2;92;100;116;48;2;22;27;37m cards[m[38;2;34;40;54;48;2;22;27;37m │ [m[1;38;2;139;147;163;48;2;22;27;37mh/l[m[38;2;92;100;116;48;2;22;27;37m columns[m[38;2;34;40;54;48;2;22;27;37m │ [m[1;38;2;139;147;163;48;2;22;27;37menter[m[38;2;92;100;116;48;2;22;27;37m open[m[38;2;34;40;54;48;2;22;27;37m │ [m[1;38;2;139;147;163;48;2;22;27;37mn[m[38;2;92;100;116;48;2;22;27;37m new[m[38;2;92;100;116;48;2;22;27;37m               [m[38;2;92;100;116;48;2;22;27;37mweb-faithful · #137 [m
