[38;2;79;142;247;48;2;22;27;37;1m▌kb[38;2;215;220;229;22m  board[38;2;92;100;116m · [38;2;215;220;229mkb/main[38;2;92;100;116m   [38;2;139;147;163m7 open[38;2;92;100;116m  ·  [38;2;139;147;163m6 cancelled hidden[38;2;92;100;116m  ·  [38;2;139;147;163mtruecolor                                                                          [m[48;2;13;16;23m[m
[38;2;139;147;163;48;2;13;16;23m ⌕ [38;2;92;100;116mfilter cards   [39;48;2;79;142;247m [38;2;13;16;23;1mx area::tui[39;22m [38;2;92;100;116;48;2;13;16;23m [39;48;2;22;27;37m [38;2;139;147;163m+ type::bug[39m [38;2;92;100;116;48;2;13;16;23m [39;48;2;22;27;37m [38;2;139;147;163m+ github#12[39m [38;2;92;100;116;48;2;13;16;23m [39;48;2;22;27;37m [38;2;139;147;163m+ risk::high[39m [38;2;92;100;116;48;2;13;16;23m                                                   10 of 16 cards [m[48;2;13;16;23m[m
[38;2;79;142;247;48;2;18;22;31m╭──────────────────────────────────────────╮[39;48;2;13;16;23m [38;2;37;44;58;48;2;18;22;31m╭──────────────────────────────────────────╮[39;48;2;13;16;23m [38;2;37;44;58;48;2;18;22;31m╭──────────────────────────────────────────╮[39;48;2;13;16;23m [38;2;37;44;58;48;2;18;22;31m╭───╮[m[48;2;13;16;23m[m
[38;2;79;142;247;48;2;18;22;31m│[39;48;2;34;49;77m [38;2;122;162;247m●[38;2;215;220;229;1m TO DO[39;22m                                [38;2;79;142;247;1m4 [48;2;18;22;31;22m│[39;48;2;13;16;23m [38;2;37;44;58;48;2;18;22;31m│[39;48;2;26;31;43m [38;2;224;175;104m●[38;2;139;147;163;1m DOING[39;22m                                [38;2;92;100;116m3 [38;2;37;44;58;48;2;18;22;31m│[39;48;2;13;16;23m [38;2;37;44;58;48;2;18;22;31m│[39;48;2;26;31;43m [38;2;158;206;106m●[38;2;139;147;163;1m DONE[39;22m                                 [38;2;92;100;116m3 [38;2;37;44;58;48;2;18;22;31m│[39;48;2;13;16;23m [38;2;37;44;58;48;2;18;22;31m│[39;48;2;26;31;43m [38;2;107;114;128m⊘[39m [38;2;37;44;58;48;2;18;22;31m│[m[48;2;13;16;23m[m
[38;2;79;142;247;48;2;18;22;31m├──────────────────────────────────────────┤[39;48;2;13;16;23m [38;2;37;44;58;48;2;18;22;31m├──────────────────────────────────────────┤[39;48;2;13;16;23m [38;2;37;44;58;48;2;18;22;31m├──────────────────────────────────────────┤[39;48;2;13;16;23m [38;2;37;44;58;48;2;18;22;31m├───┤[m[48;2;13;16;23m[m
[38;2;79;142;247;48;2;18;22;31m│[39m [38;2;79;142;247m╭──────────────────────────────────────╮[39m [38;2;79;142;247m│[39;48;2;13;16;23m [38;2;37;44;58;48;2;18;22;31m│[39m [38;2;46;54;70m╭──────────────────────────────────────╮[39m [38;2;37;44;58m│[39;48;2;13;16;23m [38;2;37;44;58;48;2;18;22;31m│[39m [38;2;46;54;70m╭──────────────────────────────────────╮[39m [38;2;37;44;58m│[39;48;2;13;16;23m [38;2;37;44;58;48;2;18;22;31m│[39m [38;2;139;147;163;1m6[39;22m [38;2;37;44;58m│[m[48;2;13;16;23m[m
[38;2;79;142;247;48;2;18;22;31m│[39m [38;2;79;142;247m│[39;48;2;30;38;55m [38;2;215;220;229;1m🐛 Pointer hit-test drifts on[38;2;139;147;163;22m       [39m [38;2;79;142;247;48;2;18;22;31m│[39m [38;2;79;142;247m│[39;48;2;13;16;23m [38;2;37;44;58;48;2;18;22;31m│[39m [38;2;46;54;70m│[39;48;2;22;27;37m [38;2;215;220;229;1m🚀 Panel-framed board columns[38;2;139;147;163;22m       [39m [38;2;46;54;70;48;2;18;22;31m│[39m [38;2;37;44;58m│[39;48;2;13;16;23m [38;2;37;44;58;48;2;18;22;31m│[39m [38;2;46;54;70m│[39;48;2;22;27;37m [38;2;215;220;229;1m📦 lipgloss v2 design-system[38;2;139;147;163;22m        [39m [38;2;46;54;70;48;2;18;22;31m│[39m [38;2;37;44;58m│[39;48;2;13;16;23m [38;2;37;44;58;48;2;18;22;31m│[39m   [38;2;37;44;58m│[m[48;2;13;16;23m[m
[38;2;79;142;247;48;2;18;22;31m│[39m [38;2;79;142;247m│[39;48;2;30;38;55m [38;2;215;220;229;1mwrapped meta[38;2;139;147;163;22m                        [39m [38;2;79;142;247;48;2;18;22;31m│[39m [38;2;79;142;247m│[39;48;2;13;16;23m [38;2;37;44;58;48;2;18;22;31m│[39m [38;2;46;54;70m│[39;48;2;22;27;37m [38;2;92;100;116m#140[38;2;139;147;163m                         5h here[39m [38;2;46;54;70;48;2;18;22;31m│[39m [38;2;37;44;58m│[39;48;2;13;16;23m [38;2;37;44;58;48;2;18;22;31m│[39m [38;2;46;54;70m│[39;48;2;22;27;37m [38;2;215;220;229;1mresearch[38;2;139;147;163;22m                            [39m [38;2;46;54;70;48;2;18;22;31m│[39m [38;2;37;44;58m│[39;48;2;13;16;23m [38;2;37;44;58;48;2;18;22;31m│[39m   [38;2;37;44;58m│[m[48;2;13;16;23m[m
[38;2;79;142;247;48;2;18;22;31m│[39m [38;2;79;142;247m│[39;48;2;30;38;55m [38;2;79;142;247m#142[38;2;139;147;163m                          3d old[39m [38;2;79;142;247;48;2;18;22;31m│[39m [38;2;79;142;247m│[39;48;2;13;16;23m [38;2;37;44;58;48;2;18;22;31m│[39m [38;2;46;54;70m│[39;48;2;22;27;37m [38;2;34;40;54m╌╌╌╌╌╌╌╌╌╌╌╌╌╌╌╌╌╌╌╌╌╌╌╌╌╌╌╌╌╌╌╌╌╌╌╌[39m [38;2;46;54;70;48;2;18;22;31m│[39m [38;2;37;44;58m│[39;48;2;13;16;23m [38;2;37;44;58;48;2;18;22;31m│[39m [38;2;46;54;70m│[39;48;2;22;27;37m [38;2;92;100;116m#138[38;2;139;147;163m                         shipped[39m [38;2;46;54;70;48;2;18;22;31m│[39m [38;2;37;44;58m│[39;48;2;13;16;23m [38;2;37;44;58;48;2;18;22;31m│[39m   [38;2;37;44;58m│[m[48;2;13;16;23m[m
[38;2;79;142;247;48;2;18;22;31m│[39m [38;2;79;142;247m│[39;48;2;30;38;55m [38;2;34;40;54m╌╌╌╌╌╌╌╌╌╌╌╌╌╌╌╌╌╌╌╌╌╌╌╌╌╌╌╌╌╌╌╌╌╌╌╌[39m [38;2;79;142;247;48;2;18;22;31m│[39m [38;2;79;142;247m│[39;48;2;13;16;23m [38;2;37;44;58;48;2;18;22;31m│[39m [38;2;46;54;70m│[39;48;2;22;27;37m [38;2;255;138;122;48;2;58;26;24;1m P1 [38;2;139;147;163;48;2;22;27;37;22m [38;2;158;206;106;48;2;22;48;31m ◷ today [38;2;139;147;163;48;2;22;27;37m [48;2;35;40;51m ◇ L [48;2;22;27;37m                [39m [38;2;46;54;70;48;2;18;22;31m│[39m [38;2;37;44;58m│[39;48;2;13;16;23m [38;2;37;44;58;48;2;18;22;31m│[39m [38;2;46;54;70m│[39;48;2;22;27;37m [38;2;34;40;54m╌╌╌╌╌╌╌╌╌╌╌╌╌╌╌╌╌╌╌╌╌╌╌╌╌╌╌╌╌╌╌╌╌╌╌╌[39m [38;2;46;54;70;48;2;18;22;31m│[39m [38;2;37;44;58m│[39;48;2;13;16;23m [38;2;37;44;58;48;2;18;22;31m│[39m   [38;2;37;44;58m│[m[48;2;13;16;23m[m
[38;2;79;142;247;48;2;18;22;31m│[39m [38;2;79;142;247m│[39;48;2;30;38;55m [38;2;255;138;122;48;2;58;26;24;1m P1 [38;2;139;147;163;48;2;30;38;55;22m [38;2;255;176;32;48;2;58;42;18m ⛔ blocked [38;2;139;147;163;48;2;30;38;55m [38;2;255;90;72;48;2;58;26;24;1m ◷ overdue [38;2;79;142;247;48;2;13;16;23;22m╭────────────────────────────────────────────────────────────────────────╮[38;2;139;147;163;48;2;22;27;37m                       [39m [38;2;46;54;70;48;2;18;22;31m│[39m [38;2;37;44;58m│[39;48;2;13;16;23m [38;2;37;44;58;48;2;18;22;31m│[39m   [38;2;37;44;58m│[m[48;2;13;16;23m[m
[38;2;79;142;247;48;2;18;22;31m│[39m [38;2;79;142;247m│[39;48;2;30;38;55m [38;2;139;147;163;48;2;35;40;51m ◇ M [48;2;30;38;55m                        [38;2;79;142;247;48;2;13;16;23m│[39;48;2;22;27;37m  [38;2;79;142;247;1mCARD DETAIL[38;2;215;220;229;22m                                                [38;2;92;100;116mesc close[39m  [38;2;79;142;247;48;2;13;16;23m│[39;48;2;5;7;11m  [38;2;139;147;163;48;2;22;27;37m                     [39m [38;2;46;54;70;48;2;18;22;31m│[39m [38;2;37;44;58m│[39;48;2;13;16;23m [38;2;37;44;58;48;2;18;22;31m│[39m   [38;2;37;44;58m│[m[48;2;13;16;23m[m
[38;2;79;142;247;48;2;18;22;31m│[39m [38;2;79;142;247m│[39;48;2;30;38;55m [38;2;139;147;163;48;2;26;31;43m type:[38;2;255;196;107;48;2;51;41;15mbug [38;2;139;147;163;48;2;30;38;55m [48;2;26;31;43m area:[38;2;200;166;251;48;2;37;28;58mtui [38;2;139;147;163;48;2;30;38;55m [38;2;132;214;154;48;2;22;48;31m #githu[38;2;79;142;247;48;2;13;16;23m│[39;48;2;22;27;37m  [38;2;34;40;54m────────────────────────────────────────────────────────────────────[39m  [38;2;79;142;247;48;2;13;16;23m│[39;48;2;5;7;11m  [38;2;46;54;70;48;2;18;22;31m──────────────────────╯[39m [38;2;37;44;58m│[39;48;2;13;16;23m [38;2;37;44;58;48;2;18;22;31m│[39m   [38;2;37;44;58m│[m[48;2;13;16;23m[m
[38;2;79;142;247;48;2;18;22;31m│[39m [38;2;79;142;247m╰──────────────────────────────[48;2;13;16;23m│[39;48;2;22;27;37m  [38;2;215;220;229;1m🐛 Pointer hit-test drifts on wrapped meta[22m                      [38;2;79;142;247;1m#142[39;22m  [38;2;79;142;247;48;2;13;16;23m│[39;48;2;5;7;11m  [48;2;18;22;31m                        [38;2;37;44;58m│[39;48;2;13;16;23m [38;2;37;44;58;48;2;18;22;31m│[39m   [38;2;37;44;58m│[m[48;2;13;16;23m[m
[38;2;79;142;247;48;2;18;22;31m│[39m                                [38;2;79;142;247;48;2;13;16;23m│[39;48;2;22;27;37m  [38;2;255;138;122;48;2;58;26;24;1m P1 [38;2;215;220;229;48;2;22;27;37;22m [38;2;255;176;32;48;2;58;42;18m ⛔ blocked [38;2;215;220;229;48;2;22;27;37m [38;2;255;90;72;48;2;58;26;24;1m ◷ overdue 2d [38;2;215;220;229;48;2;22;27;37;22m [38;2;139;147;163;48;2;35;40;51m ◇ M [38;2;215;220;229;48;2;22;27;37m [38;2;139;147;163;48;2;26;31;43m type:[38;2;255;196;107;48;2;51;41;15mbug [38;2;215;220;229;48;2;22;27;37m [38;2;139;147;163;48;2;26;31;43m area:[38;2;200;166;251;48;2;37;28;58mtui [38;2;215;220;229;48;2;22;27;37m        [39m  [38;2;79;142;247;48;2;13;16;23m│[39;48;2;5;7;11m  [38;2;46;54;70;48;2;18;22;31m──────────────────────╮[39m [38;2;37;44;58m│[39;48;2;13;16;23m [38;2;37;44;58;48;2;18;22;31m│[39m   [38;2;37;44;58m│[m[48;2;13;16;23m[m
[38;2;79;142;247;48;2;18;22;31m│[39m [38;2;46;54;70m╭──────────────────────────────[38;2;79;142;247;48;2;13;16;23m│[39;48;2;22;27;37m  [38;2;132;214;154;48;2;22;48;31m #github#12 [38;2;215;220;229;48;2;22;27;37m                                                        [39m  [38;2;79;142;247;48;2;13;16;23m│[39;48;2;5;7;11m  [38;2;215;220;229;48;2;22;27;37;1mckground probe[38;2;139;147;163;22m       [39m [38;2;46;54;70;48;2;18;22;31m│[39m [38;2;37;44;58m│[39;48;2;13;16;23m [38;2;37;44;58;48;2;18;22;31m│[39m   [38;2;37;44;58m│[m[48;2;13;16;23m[m
[38;2;79;142;247;48;2;18;22;31m│[39m [38;2;46;54;70m│[39;48;2;22;27;37m [38;2;215;220;229;1m✨ Design tokens package[38;2;139;147;163;22m     [38;2;79;142;247;48;2;13;16;23m│[39;48;2;22;27;37m  [38;2;215;220;229m                                                                    [39m  [38;2;79;142;247;48;2;13;16;23m│[39;48;2;5;7;11m  [38;2;139;147;163;48;2;22;27;37m              shipped[39m [38;2;46;54;70;48;2;18;22;31m│[39m [38;2;37;44;58m│[39;48;2;13;16;23m [38;2;37;44;58;48;2;18;22;31m│[39m   [38;2;37;44;58m│[m[48;2;13;16;23m[m
[38;2;79;142;247;48;2;18;22;31m│[39m [38;2;46;54;70m│[39;48;2;22;27;37m [38;2;92;100;116m#139[38;2;139;147;163m                         [38;2;79;142;247;48;2;13;16;23m│[39;48;2;22;27;37m  [38;2;139;147;163mLabel spans are computed before the meta line wraps, so the second[38;2;215;220;229m  [39m  [38;2;79;142;247;48;2;13;16;23m│[39;48;2;5;7;11m  [38;2;34;40;54;48;2;22;27;37m╌╌╌╌╌╌╌╌╌╌╌╌╌╌╌╌╌╌╌╌╌[39m [38;2;46;54;70;48;2;18;22;31m│[39m [38;2;37;44;58m│[39;48;2;13;16;23m [38;2;37;44;58;48;2;18;22;31m│[39m [38;2;92;100;116mC[39m [38;2;37;44;58m│[m[48;2;13;16;23m[m
[38;2;79;142;247;48;2;18;22;31m│[39m [38;2;46;54;70m│[39;48;2;22;27;37m [38;2;34;40;54m╌╌╌╌╌╌╌╌╌╌╌╌╌╌╌╌╌╌╌╌╌╌╌╌╌╌╌╌╌[38;2;79;142;247;48;2;13;16;23m│[39;48;2;22;27;37m  [38;2;139;147;163mrow of chips reports the x-range of the first. Clicking a pill on[38;2;215;220;229m   [39m  [38;2;79;142;247;48;2;13;16;23m│[39;48;2;5;7;11m  [38;2;139;147;163;48;2;22;27;37m                     [39m [38;2;46;54;70;48;2;18;22;31m│[39m [38;2;37;44;58m│[39;48;2;13;16;23m [38;2;37;44;58;48;2;18;22;31m│[39m [38;2;92;100;116mA[39m [38;2;37;44;58m│[m[48;2;13;16;23m[m
[38;2;79;142;247;48;2;18;22;31m│[39m [38;2;46;54;70m│[39;48;2;22;27;37m [38;2;255;196;107;48;2;58;44;18;1m P2 [38;2;139;147;163;48;2;22;27;37;22m [38;2;158;206;106;48;2;22;48;31m ◷ in 3d [38;2;139;147;163;48;2;22;27;37m [48;2;35;40;51m ◇ L [48;2;22;27;37m         [38;2;79;142;247;48;2;13;16;23m│[39;48;2;22;27;37m  [38;2;139;147;163mrow two filters by the wrong tag.[38;2;215;220;229m                                   [39m  [38;2;79;142;247;48;2;13;16;23m│[39;48;2;5;7;11m  [38;2;139;147;163;48;2;22;27;37m                     [39m [38;2;46;54;70;48;2;18;22;31m│[39m [38;2;37;44;58m│[39;48;2;13;16;23m [38;2;37;44;58;48;2;18;22;31m│[39m [38;2;92;100;116mN[39m [38;2;37;44;58m│[m[48;2;13;16;23m[m
[38;2;79;142;247;48;2;18;22;31m│[39m [38;2;46;54;70m│[39;48;2;22;27;37m [38;2;139;147;163;48;2;26;31;43m type:[38;2;255;196;107;48;2;51;41;15mfeature [38;2;139;147;163;48;2;22;27;37m [48;2;26;31;43m area:[38;2;200;166;251;48;2;37;28;58mtui [38;2;139;147;163;48;2;22;27;37m    [38;2;79;142;247;48;2;13;16;23m│[39;48;2;22;27;37m  [38;2;215;220;229m                                                                    [39m  [38;2;79;142;247;48;2;13;16;23m│[39;48;2;5;7;11m  [38;2;46;54;70;48;2;18;22;31m──────────────────────╯[39m [38;2;37;44;58m│[39;48;2;13;16;23m [38;2;37;44;58;48;2;18;22;31m│[39m [38;2;92;100;116mC[39m [38;2;37;44;58m│[m[48;2;13;16;23m[m
[38;2;79;142;247;48;2;18;22;31m│[39m [38;2;46;54;70m╰──────────────────────────────[38;2;79;142;247;48;2;13;16;23m│[39;48;2;22;27;37m  [38;2;92;100;116mcreated 3d ago  ·  moved 2d ago  ·  assignee @aksOps  ·  status todo[39m  [38;2;79;142;247;48;2;13;16;23m│[39;48;2;5;7;11m  [48;2;18;22;31m                        [38;2;37;44;58m│[39;48;2;13;16;23m [38;2;37;44;58;48;2;18;22;31m│[39m [38;2;92;100;116mE[39m [38;2;37;44;58m│[m[48;2;13;16;23m[m
[38;2;79;142;247;48;2;18;22;31m│[39m                                [38;2;79;142;247;48;2;13;16;23m│[39;48;2;22;27;37m  [38;2;215;220;229m                                                                    [39m  [38;2;79;142;247;48;2;13;16;23m│[39;48;2;5;7;11m  [38;2;46;54;70;48;2;18;22;31m──────────────────────╮[39m [38;2;37;44;58m│[39;48;2;13;16;23m [38;2;37;44;58;48;2;18;22;31m│[39m [38;2;92;100;116mL[39m [38;2;37;44;58m│[m[48;2;13;16;23m[m
[38;2;79;142;247;48;2;18;22;31m│[39m [38;2;46;54;70m╭──────────────────────────────[38;2;79;142;247;48;2;13;16;23m│[39;48;2;22;27;37m  [38;2;215;220;229m                                                                    [39m  [38;2;79;142;247;48;2;13;16;23m│[39;48;2;5;7;11m  [38;2;215;220;229;48;2;22;27;37;1mcroll clamp[38;2;139;147;163;22m          [39m [38;2;46;54;70;48;2;18;22;31m│[39m [38;2;37;44;58m│[39;48;2;13;16;23m [38;2;37;44;58;48;2;18;22;31m│[39m [38;2;92;100;116mL[39m [38;2;37;44;58m│[m[48;2;13;16;23m[m
[38;2;79;142;247;48;2;18;22;31m│[39m [38;2;46;54;70m│[39;48;2;22;27;37m [38;2;215;220;229;1m🔒 Redact remote tokens in de[38;2;79;142;247;48;2;13;16;23;22m│[39;48;2;22;27;37m  [38;2;215;220;229m                                                                    [39m  [38;2;79;142;247;48;2;13;16;23m│[39;48;2;5;7;11m  [38;2;139;147;163;48;2;22;27;37m              shipped[39m [38;2;46;54;70;48;2;18;22;31m│[39m [38;2;37;44;58m│[39;48;2;13;16;23m [38;2;37;44;58;48;2;18;22;31m│[39m [38;2;92;100;116mE[39m [38;2;37;44;58m│[m[48;2;13;16;23m[m
[38;2;79;142;247;48;2;18;22;31m│[39m [38;2;46;54;70m│[39;48;2;22;27;37m [38;2;92;100;116m#144[38;2;139;147;163m                         [38;2;79;142;247;48;2;13;16;23m│[39;48;2;22;27;37m  [38;2;215;220;229m                                                                    [39m  [38;2;79;142;247;48;2;13;16;23m│[39;48;2;5;7;11m  [38;2;34;40;54;48;2;22;27;37m╌╌╌╌╌╌╌╌╌╌╌╌╌╌╌╌╌╌╌╌╌[39m [38;2;46;54;70;48;2;18;22;31m│[39m [38;2;37;44;58m│[39;48;2;13;16;23m [38;2;37;44;58;48;2;18;22;31m│[39m [38;2;92;100;116mD[39m [38;2;37;44;58m│[m[48;2;13;16;23m[m
[38;2;79;142;247;48;2;18;22;31m│[39m [38;2;46;54;70m│[39;48;2;22;27;37m [38;2;34;40;54m╌╌╌╌╌╌╌╌╌╌╌╌╌╌╌╌╌╌╌╌╌╌╌╌╌╌╌╌╌[38;2;79;142;247;48;2;13;16;23m│[39;48;2;22;27;37m  [38;2;215;220;229m                                                                    [39m  [38;2;79;142;247;48;2;13;16;23m│[39;48;2;5;7;11m  [38;2;139;147;163;48;2;22;27;37m                     [39m [38;2;46;54;70;48;2;18;22;31m│[39m [38;2;37;44;58m│[39;48;2;13;16;23m [38;2;37;44;58;48;2;18;22;31m│[39m   [38;2;37;44;58m│[m[48;2;13;16;23m[m
[38;2;79;142;247;48;2;18;22;31m│[39m [38;2;46;54;70m│[39;48;2;22;27;37m [38;2;255;196;107;48;2;58;44;18;1m P2 [38;2;139;147;163;48;2;22;27;37;22m [48;2;35;40;51m ◇ S [48;2;22;27;37m                   [38;2;79;142;247;48;2;13;16;23m│[39;48;2;22;27;37m  [38;2;215;220;229m                                                                    [39m  [38;2;79;142;247;48;2;13;16;23m│[39;48;2;5;7;11m  [38;2;255;157;114;48;2;51;33;26mthub#9 [38;2;139;147;163;48;2;22;27;37m              [39m [38;2;46;54;70;48;2;18;22;31m│[39m [38;2;37;44;58m│[39;48;2;13;16;23m [38;2;37;44;58;48;2;18;22;31m│[39m   [38;2;37;44;58m│[m[48;2;13;16;23m[m
[38;2;79;142;247;48;2;18;22;31m│[39m [38;2;46;54;70m│[39;48;2;22;27;37m [38;2;139;147;163;48;2;26;31;43m type:[38;2;255;157;114;48;2;51;33;26mchore [38;2;139;147;163;48;2;22;27;37m [48;2;26;31;43m risk:[38;2;200;166;251;48;2;37;28;58mhigh [38;2;139;147;163;48;2;22;27;37m     [38;2;79;142;247;48;2;13;16;23m│[39;48;2;22;27;37m  [38;2;139;147;163;48;2;26;31;43m e edit [38;2;215;220;229;48;2;22;27;37m [38;2;139;147;163;48;2;26;31;43m x toggle blocked [38;2;215;220;229;48;2;22;27;37m [38;2;139;147;163;48;2;26;31;43m m move [38;2;215;220;229;48;2;22;27;37m [38;2;139;147;163;48;2;26;31;43m D delete [38;2;215;220;229;48;2;22;27;37m                     [39m  [38;2;79;142;247;48;2;13;16;23m│[39;48;2;5;7;11m  [38;2;46;54;70;48;2;18;22;31m──────────────────────╯[39m [38;2;37;44;58m│[39;48;2;13;16;23m [38;2;37;44;58;48;2;18;22;31m│[39m   [38;2;37;44;58m│[m[48;2;13;16;23m[m
[38;2;79;142;247;48;2;18;22;31m│[39m [38;2;46;54;70m╰──────────────────────────────[38;2;79;142;247;48;2;13;16;23m╰────────────────────────────────────────────────────────────────────────╯[39;48;2;5;7;11m  [48;2;18;22;31m                        [38;2;37;44;58m│[39;48;2;13;16;23m [38;2;37;44;58;48;2;18;22;31m│[39m   [38;2;37;44;58m│[m[48;2;13;16;23m[m
[38;2;79;142;247;48;2;18;22;31m│[39m                                  [48;2;5;7;11m                                                                          [48;2;18;22;31m                        [38;2;37;44;58m│[39;48;2;13;16;23m [38;2;37;44;58;48;2;18;22;31m│[39m   [38;2;37;44;58m│[m[48;2;13;16;23m[m
[38;2;79;142;247;48;2;18;22;31m│[39m [38;2;46;54;70m╭──────────────────────────────────────╮[39m [38;2;79;142;247m│[39;48;2;13;16;23m [38;2;37;44;58;48;2;18;22;31m│[39m                                          [38;2;37;44;58m│[39;48;2;13;16;23m [38;2;37;44;58;48;2;18;22;31m│[39m                                          [38;2;37;44;58m│[39;48;2;13;16;23m [38;2;37;44;58;48;2;18;22;31m│[39m   [38;2;37;44;58m│[m[48;2;13;16;23m[m
[38;2;79;142;247;48;2;18;22;31m│[39m [38;2;46;54;70m│[39;48;2;22;27;37m [38;2;215;220;229;1m📝 Document overlay z-order[38;2;139;147;163;22m         [39m [38;2;46;54;70;48;2;18;22;31m│[39m [38;2;79;142;247m│[39;48;2;13;16;23m [38;2;37;44;58;48;2;18;22;31m│[39m                                          [38;2;37;44;58m│[39;48;2;13;16;23m [38;2;37;44;58;48;2;18;22;31m│[39m                                          [38;2;37;44;58m│[39;48;2;13;16;23m [38;2;37;44;58;48;2;18;22;31m│[39m   [38;2;37;44;58m│[m[48;2;13;16;23m[m
[38;2;79;142;247;48;2;18;22;31m│[39m [38;2;46;54;70m│[39;48;2;22;27;37m [38;2;92;100;116m#147[38;2;139;147;163m                          6d old[39m [38;2;46;54;70;48;2;18;22;31m│[39m [38;2;79;142;247m│[39;48;2;13;16;23m [38;2;37;44;58;48;2;18;22;31m│[39m                                          [38;2;37;44;58m│[39;48;2;13;16;23m [38;2;37;44;58;48;2;18;22;31m│[39m                                          [38;2;37;44;58m│[39;48;2;13;16;23m [38;2;37;44;58;48;2;18;22;31m│[39m   [38;2;37;44;58m│[m[48;2;13;16;23m[m
[38;2;79;142;247;48;2;18;22;31m│[39m [38;2;46;54;70m│[39;48;2;22;27;37m [38;2;34;40;54m╌╌╌╌╌╌╌╌╌╌╌╌╌╌╌╌╌╌╌╌╌╌╌╌╌╌╌╌╌╌╌╌╌╌╌╌[39m [38;2;46;54;70;48;2;18;22;31m│[39m [38;2;79;142;247m│[39;48;2;13;16;23m [38;2;37;44;58;48;2;18;22;31m│[39m                                          [38;2;37;44;58m│[39;48;2;13;16;23m [38;2;37;44;58;48;2;18;22;31m│[39m                                          [38;2;37;44;58m│[39;48;2;13;16;23m [38;2;37;44;58;48;2;18;22;31m│[39m   [38;2;37;44;58m│[m[48;2;13;16;23m[m
[38;2;79;142;247;48;2;18;22;31m│[39m [38;2;46;54;70m│[39;48;2;22;27;37m [38;2;163;173;190;48;2;35;40;51;1m P4 [38;2;139;147;163;48;2;22;27;37;22m                                [39m [38;2;46;54;70;48;2;18;22;31m│[39m [38;2;79;142;247m│[39;48;2;13;16;23m [38;2;37;44;58;48;2;18;22;31m│[39m                                          [38;2;37;44;58m│[39;48;2;13;16;23m [38;2;37;44;58;48;2;18;22;31m│[39m                                          [38;2;37;44;58m│[39;48;2;13;16;23m [38;2;37;44;58;48;2;18;22;31m│[39m   [38;2;37;44;58m│[m[48;2;13;16;23m[m
[38;2;79;142;247;48;2;18;22;31m│[39m [38;2;46;54;70m│[39;48;2;22;27;37m [38;2;139;147;163;48;2;26;31;43m type:[38;2;138;180;248;48;2;22;40;63mdocs [38;2;139;147;163;48;2;22;27;37m                         [39m [38;2;46;54;70;48;2;18;22;31m│[39m [38;2;79;142;247m│[39;48;2;13;16;23m [38;2;37;44;58;48;2;18;22;31m│[39m                                          [38;2;37;44;58m│[39;48;2;13;16;23m [38;2;37;44;58;48;2;18;22;31m│[39m                                          [38;2;37;44;58m│[39;48;2;13;16;23m [38;2;37;44;58;48;2;18;22;31m│[39m   [38;2;37;44;58m│[m[48;2;13;16;23m[m
[38;2;79;142;247;48;2;18;22;31m│[39m [38;2;46;54;70m╰──────────────────────────────────────╯[39m [38;2;79;142;247m│[39;48;2;13;16;23m [38;2;37;44;58;48;2;18;22;31m│[39m                                          [38;2;37;44;58m│[39;48;2;13;16;23m [38;2;37;44;58;48;2;18;22;31m│[39m                                          [38;2;37;44;58m│[39;48;2;13;16;23m [38;2;37;44;58;48;2;18;22;31m│[39m   [38;2;37;44;58m│[m[48;2;13;16;23m[m
[38;2;79;142;247;48;2;18;22;31m╰──────────────────────────────────────────╯[39;48;2;13;16;23m [38;2;37;44;58;48;2;18;22;31m╰──────────────────────────────────────────╯[39;48;2;13;16;23m [38;2;37;44;58;48;2;18;22;31m╰──────────────────────────────────────────╯[39;48;2;13;16;23m [38;2;37;44;58;48;2;18;22;31m╰───╯[m[48;2;13;16;23m[m
[38;2;92;100;116;48;2;22;27;37m [38;2;139;147;163;1mj/k[38;2;92;100;116;22m cards[38;2;34;40;54m │ [38;2;139;147;163;1mh/l[38;2;92;100;116;22m columns[38;2;34;40;54m │ [38;2;139;147;163;1menter[38;2;92;100;116;22m open[38;2;34;40;54m │ [38;2;139;147;163;1mn[38;2;92;100;116;22m new[38;2;34;40;54m │ [38;2;139;147;163;1mc[38;2;92;100;116;22m cancelled:off[38;2;34;40;54m │ [38;2;139;147;163;1m/[38;2;92;100;116;22m filter[38;2;34;40;54m │ [38;2;139;147;163;1m?[38;2;92;100;116;22m help[38;2;34;40;54m │ [38;2;139;147;163;1mq[38;2;92;100;116;22m quit                            web-faithful · #137 [m[48;2;13;16;23m[m
