[38;2;227;233;242;48;2;11;14;20m [m[38;2;79;142;247;48;2;11;14;20m▐[m[38;2;11;14;20;48;2;79;142;247mkb[m[38;2;79;142;247;48;2;11;14;20m▌[m[1;38;2;227;233;242;48;2;11;14;20m kb visual redesign[m[38;2;107;118;134;48;2;11;14;20m  ak[m[38;2;227;233;242;48;2;11;14;20m                                                                                                                                               [m[38;2;63;191;127;48;2;11;14;20m✓ 3 shipped[m[38;2;107;118;134;48;2;11;14;20m  [m[38;2;123;132;148;48;2;11;14;20m▐[m[38;2;11;14;20;48;2;123;132;148m⊘ cancelled 4[m[38;2;123;132;148;48;2;11;14;20m▌[m[38;2;227;233;242;48;2;11;14;20m [m
[38;2;227;233;242;48;2;11;14;20m [m[38;2;154;165;182;48;2;23;29;39m [m[38;2;227;233;242;48;2;23;29;39m⌕ restyle[m[38;2;154;165;182;48;2;23;29;39m    [m[38;2;227;233;242;48;2;11;14;20m [m[38;2;27;35;48;48;2;11;14;20m▐[m[38;2;154;165;182;48;2;27;35;48mtype:[m[38;2;11;14;20;48;2;255;176;32mfeature[m[38;2;255;176;32;48;2;11;14;20m▌[m[38;2;107;118;134;48;2;11;14;20m ✕[m[38;2;227;233;242;48;2;11;14;20m                                                                                                                                                         [m[38;2;107;118;134;48;2;11;14;20m10 of 14 cards[m[38;2;227;233;242;48;2;11;14;20m [m
[38;2;227;233;242;48;2;11;14;20m                                                                                                                                                                                                        [m
[38;2;227;233;242;48;2;11;14;20m                     [m[38;2;122;162;247;48;2;23;29;39m▌[m[1;38;2;122;162;247;48;2;23;29;39m [m[38;2;122;162;247;48;2;23;29;39m1 [m[1;38;2;122;162;247;48;2;23;29;39mTO DO                                         4 [m[38;2;227;233;242;48;2;11;14;20m [m[1;38;2;11;14;20;48;2;242;163;60m▸ [m[38;2;11;14;20;48;2;242;163;60m2 [m[1;38;2;11;14;20;48;2;242;163;60mDOING                                         3 [m[38;2;227;233;242;48;2;11;14;20m [m[38;2;63;191;127;48;2;23;29;39m▌[m[1;38;2;63;191;127;48;2;23;29;39m [m[38;2;63;191;127;48;2;23;29;39m3 [m[1;38;2;63;191;127;48;2;23;29;39mDONE                                          3 [m[38;2;227;233;242;48;2;11;14;20m                     [m
[38;2;227;233;242;48;2;11;14;20m                     [m[38;2;154;165;182;48;2;23;29;39m  [m[38;2;107;118;134;48;2;23;29;39m4 cards · 1 blocked[m[38;2;154;165;182;48;2;23;29;39m                               [m[38;2;227;233;242;48;2;11;14;20m [m[38;2;154;165;182;48;2;23;29;39m  [m[38;2;107;118;134;48;2;23;29;39m3 cards · 1 blocked[m[38;2;154;165;182;48;2;23;29;39m                               [m[38;2;227;233;242;48;2;11;14;20m [m[38;2;154;165;182;48;2;23;29;39m  [m[38;2;107;118;134;48;2;23;29;39m3 cards[m[38;2;154;165;182;48;2;23;29;39m                                           [m[38;2;227;233;242;48;2;11;14;20m                     [m
[38;2;227;233;242;48;2;11;14;20m                     [m[38;2;154;165;182;48;2;23;29;39m [m[38;2;255;90;72;48;2;37;47;61m▌[m[38;2;227;233;242;48;2;37;47;61m 🐛 Drag ghost sticks after drop            [m[38;2;107;118;134;48;2;37;47;61m#142[m[38;2;227;233;242;48;2;37;47;61m [m[38;2;154;165;182;48;2;23;29;39m [m[38;2;227;233;242;48;2;11;14;20m [m[38;2;154;165;182;48;2;23;29;39m [m[38;2;255;90;72;48;2;37;47;61m▌[m[38;2;227;233;242;48;2;37;47;61m 🎨 Semantic palette + style factory        [m[38;2;107;118;134;48;2;37;47;61m#138[m[38;2;227;233;242;48;2;37;47;61m [m[38;2;154;165;182;48;2;23;29;39m [m[38;2;227;233;242;48;2;11;14;20m [m[38;2;154;165;182;48;2;23;29;39m [m[38;2;255;176;32;48;2;37;47;61m▌[m[38;2;227;233;242;48;2;37;47;61m 🔍 Research lipgloss v2 patterns           [m[38;2;107;118;134;48;2;37;47;61m#139[m[38;2;227;233;242;48;2;37;47;61m [m[38;2;154;165;182;48;2;23;29;39m [m[38;2;227;233;242;48;2;11;14;20m                     [m
[38;2;227;233;242;48;2;11;14;20m                     [m[38;2;154;165;182;48;2;23;29;39m [m[38;2;255;90;72;48;2;37;47;61m▌[m[38;2;227;233;242;48;2;37;47;61m [m[1;38;2;255;90;72;48;2;37;47;61mP1[m[38;2;227;233;242;48;2;37;47;61m [m[38;2;107;118;134;48;2;37;47;61m3d old[m[38;2;227;233;242;48;2;37;47;61m [m[38;2;255;176;32;48;2;37;47;61m▐[m[38;2;11;14;20;48;2;255;176;32mblocked[m[38;2;255;176;32;48;2;37;47;61m▌[m[38;2;227;233;242;48;2;37;47;61m [m[38;2;255;90;72;48;2;37;47;61m▐[m[38;2;11;14;20;48;2;255;90;72moverdue 2d[m[38;2;255;90;72;48;2;37;47;61m▌[m[38;2;227;233;242;48;2;37;47;61m [m[38;2;154;165;182;48;2;37;47;61m◇M[m[38;2;227;233;242;48;2;37;47;61m             [m[38;2;154;165;182;48;2;23;29;39m [m[38;2;227;233;242;48;2;11;14;20m [m[38;2;154;165;182;48;2;23;29;39m [m[38;2;255;90;72;48;2;37;47;61m▌[m[38;2;227;233;242;48;2;37;47;61m [m[1;38;2;255;90;72;48;2;37;47;61mP1[m[38;2;227;233;242;48;2;37;47;61m [m[38;2;107;118;134;48;2;37;47;61m6h here[m[38;2;227;233;242;48;2;37;47;61m [m[38;2;79;142;247;48;2;37;47;61m▐[m[38;2;11;14;20;48;2;79;142;247mtoday[m[38;2;79;142;247;48;2;37;47;61m▌[m[38;2;227;233;242;48;2;37;47;61m [m[38;2;154;165;182;48;2;37;47;61m◇L[m[38;2;227;233;242;48;2;37;47;61m                           [m[38;2;154;165;182;48;2;23;29;39m [m[38;2;227;233;242;48;2;11;14;20m [m[38;2;154;165;182;48;2;23;29;39m [m[38;2;255;176;32;48;2;37;47;61m▌[m[38;2;227;233;242;48;2;37;47;61m [m[1;38;2;255;176;32;48;2;37;47;61mP2[m[38;2;227;233;242;48;2;37;47;61m [m[38;2;107;118;134;48;2;37;47;61mshipped[m[38;2;227;233;242;48;2;37;47;61m [m[38;2;154;165;182;48;2;37;47;61m◇M[m[38;2;227;233;242;48;2;37;47;61m                                   [m[38;2;154;165;182;48;2;23;29;39m [m[38;2;227;233;242;48;2;11;14;20m                     [m
[38;2;227;233;242;48;2;11;14;20m                     [m[38;2;154;165;182;48;2;23;29;39m [m[38;2;255;90;72;48;2;37;47;61m▌[m[38;2;227;233;242;48;2;37;47;61m [m[38;2;27;35;48;48;2;37;47;61m▐[m[38;2;154;165;182;48;2;27;35;48mtype:[m[38;2;11;14;20;48;2;255;176;32mbug[m[38;2;255;176;32;48;2;37;47;61m▌[m[38;2;227;233;242;48;2;37;47;61m [m[38;2;63;157;88;48;2;37;47;61m▐[m[38;2;11;14;20;48;2;63;157;88m#github#12[m[38;2;63;157;88;48;2;37;47;61m▌[m[38;2;227;233;242;48;2;37;47;61m                         [m[38;2;154;165;182;48;2;23;29;39m [m[38;2;227;233;242;48;2;11;14;20m [m[38;2;154;165;182;48;2;23;29;39m [m[38;2;255;90;72;48;2;37;47;61m▌[m[38;2;227;233;242;48;2;37;47;61m [m[38;2;27;35;48;48;2;37;47;61m▐[m[38;2;154;165;182;48;2;27;35;48mtype:[m[38;2;11;14;20;48;2;255;176;32mfeature[m[38;2;255;176;32;48;2;37;47;61m▌[m[38;2;227;233;242;48;2;37;47;61m [m[38;2;27;35;48;48;2;37;47;61m▐[m[38;2;154;165;182;48;2;27;35;48marea:[m[38;2;11;14;20;48;2;79;142;247mtheme[m[38;2;79;142;247;48;2;37;47;61m▌[m[38;2;227;233;242;48;2;37;47;61m                     [m[38;2;154;165;182;48;2;23;29;39m [m[38;2;227;233;242;48;2;11;14;20m [m[38;2;154;165;182;48;2;23;29;39m [m[38;2;255;176;32;48;2;37;47;61m▌[m[38;2;227;233;242;48;2;37;47;61m [m[38;2;27;35;48;48;2;37;47;61m▐[m[38;2;154;165;182;48;2;27;35;48mtype:[m[38;2;11;14;20;48;2;79;142;247mresearch[m[38;2;79;142;247;48;2;37;47;61m▌[m[38;2;227;233;242;48;2;37;47;61m                                 [m[38;2;154;165;182;48;2;23;29;39m [m[38;2;227;233;242;48;2;11;14;20m                     [m
[38;2;227;233;242;48;2;11;14;20m                     [m[38;2;154;165;182;48;2;23;29;39m                                                    [m[38;2;227;233;242;48;2;11;14;20m [m[38;2;154;165;182;48;2;23;29;39m                                                    [m[38;2;227;233;242;48;2;11;14;20m [m[38;2;154;165;182;48;2;23;29;39m                                                    [m[38;2;227;233;242;48;2;11;14;20m                     [m
[38;2;227;233;242;48;2;11;14;20m                     [m[38;2;154;165;182;48;2;23;29;39m [m[38;2;255;176;32;48;2;37;47;61m▌[m[38;2;227;233;242;48;2;37;47;61m ✨ Card detail overlay polish              [m[38;2;107;118;134;48;2;37;47;61m#145[m[38;2;227;233;242;48;2;37;47;61m [m[38;2;154;165;182;48;2;23;29;39m [m[38;2;227;233;242;48;2;11;14;20m [m[38;2;154;165;182;48;2;23;29;39m [m[38;2;79;142;247;48;2;53;64;79m█[m[38;2;227;233;242;48;2;53;64;79m [m[1;38;2;227;233;242;48;2;53;64;79m🧪 Golden regen for the restyle[m[38;2;227;233;242;48;2;53;64;79m            [m[38;2;107;118;134;48;2;53;64;79m#149[m[38;2;227;233;242;48;2;53;64;79m [m[38;2;154;165;182;48;2;23;29;39m [m[38;2;227;233;242;48;2;11;14;20m [m[38;2;154;165;182;48;2;23;29;39m [m[38;2;79;142;247;48;2;37;47;61m▌[m[38;2;227;233;242;48;2;37;47;61m 🧭 Board filter persisted in URL           [m[38;2;107;118;134;48;2;37;47;61m#133[m[38;2;227;233;242;48;2;37;47;61m [m[38;2;154;165;182;48;2;23;29;39m [m[38;2;227;233;242;48;2;11;14;20m                     [m
[38;2;227;233;242;48;2;11;14;20m                     [m[38;2;154;165;182;48;2;23;29;39m [m[38;2;255;176;32;48;2;37;47;61m▌[m[38;2;227;233;242;48;2;37;47;61m [m[1;38;2;255;176;32;48;2;37;47;61mP2[m[38;2;227;233;242;48;2;37;47;61m [m[38;2;107;118;134;48;2;37;47;61mnew[m[38;2;227;233;242;48;2;37;47;61m [m[38;2;79;142;247;48;2;37;47;61m▐[m[38;2;11;14;20;48;2;79;142;247min 2d[m[38;2;79;142;247;48;2;37;47;61m▌[m[38;2;227;233;242;48;2;37;47;61m [m[38;2;154;165;182;48;2;37;47;61m◇S[m[38;2;227;233;242;48;2;37;47;61m                               [m[38;2;154;165;182;48;2;23;29;39m [m[38;2;227;233;242;48;2;11;14;20m [m[38;2;154;165;182;48;2;23;29;39m [m[38;2;79;142;247;48;2;53;64;79m█[m[38;2;227;233;242;48;2;53;64;79m [m[1;38;2;255;176;32;48;2;53;64;79mP2[m[38;2;227;233;242;48;2;53;64;79m [m[38;2;107;118;134;48;2;53;64;79m2d here[m[38;2;227;233;242;48;2;53;64;79m [m[38;2;255;176;32;48;2;53;64;79m▐[m[38;2;11;14;20;48;2;255;176;32mblocked[m[38;2;255;176;32;48;2;53;64;79m▌[m[38;2;227;233;242;48;2;53;64;79m [m[38;2;79;142;247;48;2;53;64;79m▐[m[38;2;11;14;20;48;2;79;142;247min 4d[m[38;2;79;142;247;48;2;53;64;79m▌[m[38;2;227;233;242;48;2;53;64;79m [m[38;2;154;165;182;48;2;53;64;79m◇M[m[38;2;227;233;242;48;2;53;64;79m                 [m[38;2;154;165;182;48;2;23;29;39m [m[38;2;227;233;242;48;2;11;14;20m [m[38;2;154;165;182;48;2;23;29;39m [m[38;2;79;142;247;48;2;37;47;61m▌[m[38;2;227;233;242;48;2;37;47;61m [m[1;38;2;79;142;247;48;2;37;47;61mP3[m[38;2;227;233;242;48;2;37;47;61m [m[38;2;107;118;134;48;2;37;47;61mshipped[m[38;2;227;233;242;48;2;37;47;61m [m[38;2;154;165;182;48;2;37;47;61m◇S[m[38;2;227;233;242;48;2;37;47;61m                                   [m[38;2;154;165;182;48;2;23;29;39m [m[38;2;227;233;242;48;2;11;14;20m                     [m
[38;2;227;233;242;48;2;11;14;20m                     [m[38;2;154;165;182;48;2;23;29;39m [m[38;2;255;176;32;48;2;37;47;61m▌[m[38;2;227;233;242;48;2;37;47;61m [m[38;2;27;35;48;48;2;37;47;61m▐[m[38;2;154;165;182;48;2;27;35;48mtype:[m[38;2;11;14;20;48;2;255;176;32mfeature[m[38;2;255;176;32;48;2;37;47;61m▌[m[38;2;227;233;242;48;2;37;47;61m [m[38;2;27;35;48;48;2;37;47;61m▐[m[38;2;154;165;182;48;2;27;35;48marea:[m[38;2;11;14;20;48;2;185;138;247mtui[m[38;2;185;138;247;48;2;37;47;61m▌[m[38;2;227;233;242;48;2;37;47;61m                       [m[38;2;154;165;182;48;2;23;29;39m [m[38;2;227;233;242;48;2;11;14;20m [m[38;2;154;165;182;48;2;23;29;39m [m[38;2;79;142;247;48;2;53;64;79m█[m[38;2;227;233;242;48;2;53;64;79m [m[38;2;27;35;48;48;2;53;64;79m▐[m[38;2;154;165;182;48;2;27;35;48mtype:[m[38;2;11;14;20;48;2;255;176;32mtest[m[38;2;255;176;32;48;2;53;64;79m▌[m[38;2;227;233;242;48;2;53;64;79m [m[38;2;255;176;32;48;2;53;64;79m▐[m[38;2;11;14;20;48;2;255;176;32m#github#41[m[38;2;255;176;32;48;2;53;64;79m▌[m[38;2;227;233;242;48;2;53;64;79m                        [m[38;2;154;165;182;48;2;23;29;39m [m[38;2;227;233;242;48;2;11;14;20m [m[38;2;154;165;182;48;2;23;29;39m [m[38;2;79;142;247;48;2;37;47;61m▌[m[38;2;227;233;242;48;2;37;47;61m [m[38;2;27;35;48;48;2;37;47;61m▐[m[38;2;154;165;182;48;2;27;35;48mtype:[m[38;2;11;14;20;48;2;255;176;32mfeature[m[38;2;255;176;32;48;2;37;47;61m▌[m[38;2;227;233;242;48;2;37;47;61m                                  [m[38;2;154;165;182;48;2;23;29;39m [m[38;2;227;233;242;48;2;11;14;20m                     [m
[38;2;227;233;242;48;2;11;14;20m                     [m[38;2;154;165;182;48;2;23;29;39m                                                    [m[38;2;227;233;242;48;2;11;14;20m [m[38;2;154;165;182;48;2;23;29;39m                                                    [m[38;2;227;233;242;48;2;11;14;20m [m[38;2;154;165;182;48;2;23;29;39m                                                    [m[38;2;227;233;242;48;2;11;14;20m                     [m
[38;2;227;233;242;48;2;11;14;20m                     [m[38;2;154;165;182;48;2;23;29;39m [m[38;2;79;142;247;48;2;37;47;61m▌[m[38;2;227;233;242;48;2;37;47;61m 🔧 Pin color profile in goldens            [m[38;2;107;118;134;48;2;37;47;61m#147[m[38;2;227;233;242;48;2;37;47;61m [m[38;2;154;165;182;48;2;23;29;39m [m[38;2;227;233;242;48;2;11;14;20m [m[38;2;154;165;182;48;2;23;29;39m [m[38;2;255;176;32;48;2;37;47;61m▌[m[38;2;227;233;242;48;2;37;47;61m 🚀 Adaptive compaction threshold           [m[38;2;107;118;134;48;2;37;47;61m#150[m[38;2;227;233;242;48;2;37;47;61m [m[38;2;154;165;182;48;2;23;29;39m [m[38;2;227;233;242;48;2;11;14;20m [m[38;2;154;165;182;48;2;23;29;39m [m[38;2;184;189;199;48;2;37;47;61m▌[m[38;2;227;233;242;48;2;37;47;61m 🧹 Drop the compat package                 [m[38;2;107;118;134;48;2;37;47;61m#131[m[38;2;227;233;242;48;2;37;47;61m [m[38;2;154;165;182;48;2;23;29;39m [m[38;2;227;233;242;48;2;11;14;20m                     [m
[38;2;227;233;242;48;2;11;14;20m                     [m[38;2;154;165;182;48;2;23;29;39m [m[38;2;79;142;247;48;2;37;47;61m▌[m[38;2;227;233;242;48;2;37;47;61m [m[1;38;2;79;142;247;48;2;37;47;61mP3[m[38;2;227;233;242;48;2;37;47;61m [m[38;2;107;118;134;48;2;37;47;61m1d old[m[38;2;227;233;242;48;2;37;47;61m [m[38;2;154;165;182;48;2;37;47;61m◇S[m[38;2;227;233;242;48;2;37;47;61m                                    [m[38;2;154;165;182;48;2;23;29;39m [m[38;2;227;233;242;48;2;11;14;20m [m[38;2;154;165;182;48;2;23;29;39m [m[38;2;255;176;32;48;2;37;47;61m▌[m[38;2;227;233;242;48;2;37;47;61m [m[1;38;2;255;176;32;48;2;37;47;61mP2[m[38;2;227;233;242;48;2;37;47;61m [m[38;2;107;118;134;48;2;37;47;61m1d here[m[38;2;227;233;242;48;2;37;47;61m [m[38;2;79;142;247;48;2;37;47;61m▐[m[38;2;11;14;20;48;2;79;142;247mtoday[m[38;2;79;142;247;48;2;37;47;61m▌[m[38;2;227;233;242;48;2;37;47;61m [m[38;2;154;165;182;48;2;37;47;61m◇M[m[38;2;227;233;242;48;2;37;47;61m                           [m[38;2;154;165;182;48;2;23;29;39m [m[38;2;227;233;242;48;2;11;14;20m [m[38;2;154;165;182;48;2;23;29;39m [m[38;2;184;189;199;48;2;37;47;61m▌[m[38;2;227;233;242;48;2;37;47;61m [m[1;38;2;184;189;199;48;2;37;47;61mP4[m[38;2;227;233;242;48;2;37;47;61m [m[38;2;107;118;134;48;2;37;47;61mshipped[m[38;2;227;233;242;48;2;37;47;61m [m[38;2;154;165;182;48;2;37;47;61m◇S[m[38;2;227;233;242;48;2;37;47;61m                                   [m[38;2;154;165;182;48;2;23;29;39m [m[38;2;227;233;242;48;2;11;14;20m                     [m
[38;2;227;233;242;48;2;11;14;20m                     [m[38;2;154;165;182;48;2;23;29;39m [m[38;2;79;142;247;48;2;37;47;61m▌[m[38;2;227;233;242;48;2;37;47;61m [m[38;2;27;35;48;48;2;37;47;61m▐[m[38;2;154;165;182;48;2;27;35;48mtype:[m[38;2;11;14;20;48;2;255;123;84mchore[m[38;2;255;123;84;48;2;37;47;61m▌[m[38;2;227;233;242;48;2;37;47;61m                                    [m[38;2;154;165;182;48;2;23;29;39m [m[38;2;227;233;242;48;2;11;14;20m [m[38;2;154;165;182;48;2;23;29;39m [m[38;2;255;176;32;48;2;37;47;61m▌[m[38;2;227;233;242;48;2;37;47;61m [m[38;2;27;35;48;48;2;37;47;61m▐[m[38;2;154;165;182;48;2;27;35;48mtype:[m[38;2;11;14;20;48;2;255;176;32mfeature[m[38;2;255;176;32;48;2;37;47;61m▌[m[38;2;227;233;242;48;2;37;47;61m                                  [m[38;2;154;165;182;48;2;23;29;39m [m[38;2;227;233;242;48;2;11;14;20m [m[38;2;154;165;182;48;2;23;29;39m [m[38;2;184;189;199;48;2;37;47;61m▌[m[38;2;227;233;242;48;2;37;47;61m [m[38;2;27;35;48;48;2;37;47;61m▐[m[38;2;154;165;182;48;2;27;35;48mtype:[m[38;2;11;14;20;48;2;255;123;84mchore[m[38;2;255;123;84;48;2;37;47;61m▌[m[38;2;227;233;242;48;2;37;47;61m                                    [m[38;2;154;165;182;48;2;23;29;39m [m[38;2;227;233;242;48;2;11;14;20m                     [m
[38;2;227;233;242;48;2;11;14;20m                     [m[38;2;154;165;182;48;2;23;29;39m                                                    [m[38;2;227;233;242;48;2;11;14;20m [m[38;2;154;165;182;48;2;23;29;39m                                                    [m[38;2;227;233;242;48;2;11;14;20m [m[38;2;154;165;182;48;2;23;29;39m                                                    [m[38;2;227;233;242;48;2;11;14;20m                     [m
[38;2;227;233;242;48;2;11;14;20m                     [m[38;2;154;165;182;48;2;23;29;39m [m[38;2;184;189;199;48;2;37;47;61m▌[m[38;2;227;233;242;48;2;37;47;61m 📦 Draft v1.2 release notes                [m[38;2;107;118;134;48;2;37;47;61m#151[m[38;2;227;233;242;48;2;37;47;61m [m[38;2;154;165;182;48;2;23;29;39m [m[38;2;227;233;242;48;2;11;14;20m [m[38;2;154;165;182;48;2;23;29;39m                                                    [m[38;2;227;233;242;48;2;11;14;20m [m[38;2;154;165;182;48;2;23;29;39m                                                    [m[38;2;227;233;242;48;2;11;14;20m                     [m
[38;2;227;233;242;48;2;11;14;20m                     [m[38;2;154;165;182;48;2;23;29;39m [m[38;2;184;189;199;48;2;37;47;61m▌[m[38;2;227;233;242;48;2;37;47;61m [m[1;38;2;184;189;199;48;2;37;47;61mP4[m[38;2;227;233;242;48;2;37;47;61m [m[38;2;107;118;134;48;2;37;47;61m5d old[m[38;2;227;233;242;48;2;37;47;61m [m[38;2;154;165;182;48;2;37;47;61m◇L[m[38;2;227;233;242;48;2;37;47;61m                                    [m[38;2;154;165;182;48;2;23;29;39m [m[38;2;227;233;242;48;2;11;14;20m [m[38;2;154;165;182;48;2;23;29;39m                                                    [m[38;2;227;233;242;48;2;11;14;20m [m[38;2;154;165;182;48;2;23;29;39m                                                    [m[38;2;227;233;242;48;2;11;14;20m                     [m
[38;2;227;233;242;48;2;11;14;20m                     [m[38;2;154;165;182;48;2;23;29;39m [m[38;2;184;189;199;48;2;37;47;61m▌[m[38;2;227;233;242;48;2;37;47;61m [m[38;2;27;35;48;48;2;37;47;61m▐[m[38;2;154;165;182;48;2;27;35;48mtype:[m[38;2;11;14;20;48;2;79;142;247mdocs[m[38;2;79;142;247;48;2;37;47;61m▌[m[38;2;227;233;242;48;2;37;47;61m                                     [m[38;2;154;165;182;48;2;23;29;39m [m[38;2;227;233;242;48;2;11;14;20m [m[38;2;154;165;182;48;2;23;29;39m                                                    [m[38;2;227;233;242;48;2;11;14;20m [m[38;2;154;165;182;48;2;23;29;39m                                                    [m[38;2;227;233;242;48;2;11;14;20m                     [m
[38;2;227;233;242;48;2;11;14;20m                     [m[38;2;154;165;182;48;2;23;29;39m                                                    [m[38;2;227;233;242;48;2;11;14;20m [m[38;2;154;165;182;48;2;23;29;39m                                                    [m[38;2;227;233;242;48;2;11;14;20m [m[38;2;154;165;182;48;2;23;29;39m                                                    [m[38;2;227;233;242;48;2;11;14;20m                     [m
[38;2;227;233;242;48;2;11;14;20m                     [m[38;2;154;165;182;48;2;23;29;39m                                                    [m[38;2;227;233;242;48;2;11;14;20m [m[38;2;154;165;182;48;2;23;29;39m                                                    [m[38;2;227;233;242;48;2;11;14;20m [m[38;2;154;165;182;48;2;23;29;39m                                                    [m[38;2;227;233;242;48;2;11;14;20m                     [m
[38;2;227;233;242;48;2;11;14;20m                     [m[38;2;154;165;182;48;2;23;29;39m                                                    [m[38;2;227;233;242;48;2;11;14;20m [m[38;2;154;165;182;48;2;23;29;39m                                                    [m[38;2;227;233;242;48;2;11;14;20m [m[38;2;154;165;182;48;2;23;29;39m                                                    [m[38;2;227;233;242;48;2;11;14;20m                     [m
[38;2;227;233;242;48;2;11;14;20m                     [m[38;2;154;165;182;48;2;23;29;39m                                                    [m[38;2;227;233;242;48;2;11;14;20m [m[38;2;154;165;182;48;2;23;29;39m                                                    [m[38;2;227;233;242;48;2;11;14;20m [m[38;2;154;165;182;48;2;23;29;39m                                                    [m[38;2;227;233;242;48;2;11;14;20m                     [m
[38;2;227;233;242;48;2;11;14;20m                     [m[38;2;154;165;182;48;2;23;29;39m                                                    [m[38;2;227;233;242;48;2;11;14;20m [m[38;2;154;165;182;48;2;23;29;39m                                                    [m[38;2;227;233;242;48;2;11;14;20m [m[38;2;154;165;182;48;2;23;29;39m                                                    [m[38;2;227;233;242;48;2;11;14;20m                     [m
[38;2;227;233;242;48;2;11;14;20m                     [m[38;2;154;165;182;48;2;23;29;39m                                                    [m[38;2;227;233;242;48;2;11;14;20m [m[38;2;154;165;182;48;2;23;29;39m                                                    [m[38;2;227;233;242;48;2;11;14;20m [m[38;2;154;165;182;48;2;23;29;39m                                                    [m[38;2;227;233;242;48;2;11;14;20m                     [m
[38;2;227;233;242;48;2;11;14;20m                     [m[38;2;154;165;182;48;2;23;29;39m                                                    [m[38;2;227;233;242;48;2;11;14;20m [m[38;2;154;165;182;48;2;23;29;39m                                                    [m[38;2;227;233;242;48;2;11;14;20m [m[38;2;154;165;182;48;2;23;29;39m                                                    [m[38;2;227;233;242;48;2;11;14;20m                     [m
[38;2;227;233;242;48;2;11;14;20m                     [m[38;2;154;165;182;48;2;23;29;39m                                                    [m[38;2;227;233;242;48;2;11;14;20m [m[38;2;154;165;182;48;2;23;29;39m                                                    [m[38;2;227;233;242;48;2;11;14;20m [m[38;2;154;165;182;48;2;23;29;39m                                                    [m[38;2;227;233;242;48;2;11;14;20m                     [m
[38;2;227;233;242;48;2;11;14;20m                     [m[38;2;154;165;182;48;2;23;29;39m                                                    [m[38;2;227;233;242;48;2;11;14;20m [m[38;2;154;165;182;48;2;23;29;39m                                                    [m[38;2;227;233;242;48;2;11;14;20m [m[38;2;154;165;182;48;2;23;29;39m                                                    [m[38;2;227;233;242;48;2;11;14;20m                     [m
[38;2;227;233;242;48;2;11;14;20m                     [m[38;2;154;165;182;48;2;23;29;39m                                                    [m[38;2;227;233;242;48;2;11;14;20m [m[38;2;154;165;182;48;2;23;29;39m                                                    [m[38;2;227;233;242;48;2;11;14;20m [m[38;2;154;165;182;48;2;23;29;39m                                                    [m[38;2;227;233;242;48;2;11;14;20m                     [m
[38;2;227;233;242;48;2;11;14;20m                     [m[38;2;154;165;182;48;2;23;29;39m                                                    [m[38;2;227;233;242;48;2;11;14;20m [m[38;2;154;165;182;48;2;23;29;39m                                                    [m[38;2;227;233;242;48;2;11;14;20m [m[38;2;154;165;182;48;2;23;29;39m                                                    [m[38;2;227;233;242;48;2;11;14;20m                     [m
[38;2;227;233;242;48;2;11;14;20m                     [m[38;2;154;165;182;48;2;23;29;39m                                                    [m[38;2;227;233;242;48;2;11;14;20m [m[38;2;154;165;182;48;2;23;29;39m                                                    [m[38;2;227;233;242;48;2;11;14;20m [m[38;2;154;165;182;48;2;23;29;39m                                                    [m[38;2;227;233;242;48;2;11;14;20m                     [m
[38;2;227;233;242;48;2;11;14;20m                     [m[38;2;154;165;182;48;2;23;29;39m                                                    [m[38;2;227;233;242;48;2;11;14;20m [m[38;2;154;165;182;48;2;23;29;39m                                                    [m[38;2;227;233;242;48;2;11;14;20m [m[38;2;154;165;182;48;2;23;29;39m                                                    [m[38;2;227;233;242;48;2;11;14;20m                     [m
[38;2;227;233;242;48;2;11;14;20m                     [m[38;2;154;165;182;48;2;23;29;39m                                                    [m[38;2;227;233;242;48;2;11;14;20m [m[38;2;154;165;182;48;2;23;29;39m                                                    [m[38;2;227;233;242;48;2;11;14;20m [m[38;2;154;165;182;48;2;23;29;39m                                                    [m[38;2;227;233;242;48;2;11;14;20m                     [m
[38;2;227;233;242;48;2;11;14;20m                     [m[38;2;154;165;182;48;2;23;29;39m                                                    [m[38;2;227;233;242;48;2;11;14;20m [m[38;2;154;165;182;48;2;23;29;39m                                                    [m[38;2;227;233;242;48;2;11;14;20m [m[38;2;154;165;182;48;2;23;29;39m                                                    [m[38;2;227;233;242;48;2;11;14;20m                     [m
[38;2;227;233;242;48;2;11;14;20m                     [m[38;2;154;165;182;48;2;23;29;39m                                                    [m[38;2;227;233;242;48;2;11;14;20m [m[38;2;154;165;182;48;2;23;29;39m                                                    [m[38;2;227;233;242;48;2;11;14;20m [m[38;2;154;165;182;48;2;23;29;39m                                                    [m[38;2;227;233;242;48;2;11;14;20m                     [m
[38;2;227;233;242;48;2;11;14;20m                     [m[38;2;154;165;182;48;2;23;29;39m                                                    [m[38;2;227;233;242;48;2;11;14;20m [m[38;2;154;165;182;48;2;23;29;39m                                                    [m[38;2;227;233;242;48;2;11;14;20m [m[38;2;154;165;182;48;2;23;29;39m                                                    [m[38;2;227;233;242;48;2;11;14;20m                     [m
[38;2;227;233;242;48;2;11;14;20m                     [m[38;2;154;165;182;48;2;23;29;39m                                                    [m[38;2;227;233;242;48;2;11;14;20m [m[38;2;154;165;182;48;2;23;29;39m                                                    [m[38;2;227;233;242;48;2;11;14;20m [m[38;2;154;165;182;48;2;23;29;39m                                                    [m[38;2;227;233;242;48;2;11;14;20m                     [m
[38;2;227;233;242;48;2;11;14;20m                     [m[38;2;154;165;182;48;2;23;29;39m                                                    [m[38;2;227;233;242;48;2;11;14;20m [m[38;2;154;165;182;48;2;23;29;39m                                                    [m[38;2;227;233;242;48;2;11;14;20m [m[38;2;154;165;182;48;2;23;29;39m                                                    [m[38;2;227;233;242;48;2;11;14;20m                     [m
[38;2;227;233;242;48;2;11;14;20m                     [m[38;2;154;165;182;48;2;23;29;39m                                                    [m[38;2;227;233;242;48;2;11;14;20m [m[38;2;154;165;182;48;2;23;29;39m                                                    [m[38;2;227;233;242;48;2;11;14;20m [m[38;2;154;165;182;48;2;23;29;39m                                                    [m[38;2;227;233;242;48;2;11;14;20m                     [m
[38;2;227;233;242;48;2;11;14;20m                     [m[38;2;154;165;182;48;2;23;29;39m                                                    [m[38;2;227;233;242;48;2;11;14;20m [m[38;2;154;165;182;48;2;23;29;39m                                                    [m[38;2;227;233;242;48;2;11;14;20m [m[38;2;154;165;182;48;2;23;29;39m                                                    [m[38;2;227;233;242;48;2;11;14;20m                     [m
[38;2;227;233;242;48;2;11;14;20m                     [m[38;2;154;165;182;48;2;23;29;39m                                                    [m[38;2;227;233;242;48;2;11;14;20m [m[38;2;154;165;182;48;2;23;29;39m                                                    [m[38;2;227;233;242;48;2;11;14;20m [m[38;2;154;165;182;48;2;23;29;39m                                                    [m[38;2;227;233;242;48;2;11;14;20m                     [m
[38;2;227;233;242;48;2;11;14;20m                     [m[38;2;154;165;182;48;2;23;29;39m                                                    [m[38;2;227;233;242;48;2;11;14;20m [m[38;2;154;165;182;48;2;23;29;39m                                                    [m[38;2;227;233;242;48;2;11;14;20m [m[38;2;154;165;182;48;2;23;29;39m                                                    [m[38;2;227;233;242;48;2;11;14;20m                     [m
[38;2;227;233;242;48;2;11;14;20m                     [m[38;2;154;165;182;48;2;23;29;39m                                                    [m[38;2;227;233;242;48;2;11;14;20m [m[38;2;154;165;182;48;2;23;29;39m                                                    [m[38;2;227;233;242;48;2;11;14;20m [m[38;2;154;165;182;48;2;23;29;39m                                                    [m[38;2;227;233;242;48;2;11;14;20m                     [m
[38;2;227;233;242;48;2;11;14;20m                     [m[38;2;154;165;182;48;2;23;29;39m                                                    [m[38;2;227;233;242;48;2;11;14;20m [m[38;2;154;165;182;48;2;23;29;39m                                                    [m[38;2;227;233;242;48;2;11;14;20m [m[38;2;154;165;182;48;2;23;29;39m                                                    [m[38;2;227;233;242;48;2;11;14;20m                     [m
[38;2;227;233;242;48;2;11;14;20m                     [m[38;2;154;165;182;48;2;23;29;39m                                                    [m[38;2;227;233;242;48;2;11;14;20m [m[38;2;154;165;182;48;2;23;29;39m                                                    [m[38;2;227;233;242;48;2;11;14;20m [m[38;2;154;165;182;48;2;23;29;39m                                                    [m[38;2;227;233;242;48;2;11;14;20m                     [m
[38;2;227;233;242;48;2;11;14;20m                     [m[38;2;154;165;182;48;2;23;29;39m                                                    [m[38;2;227;233;242;48;2;11;14;20m [m[38;2;154;165;182;48;2;23;29;39m                                                    [m[38;2;227;233;242;48;2;11;14;20m [m[38;2;154;165;182;48;2;23;29;39m                                                    [m[38;2;227;233;242;48;2;11;14;20m                     [m
[38;2;227;233;242;48;2;11;14;20m                     [m[38;2;154;165;182;48;2;23;29;39m                                                    [m[38;2;227;233;242;48;2;11;14;20m [m[38;2;154;165;182;48;2;23;29;39m                                                    [m[38;2;227;233;242;48;2;11;14;20m [m[38;2;154;165;182;48;2;23;29;39m                                                    [m[38;2;227;233;242;48;2;11;14;20m                     [m
[38;2;227;233;242;48;2;11;14;20m                     [m[38;2;154;165;182;48;2;23;29;39m                                                    [m[38;2;227;233;242;48;2;11;14;20m [m[38;2;154;165;182;48;2;23;29;39m                                                    [m[38;2;227;233;242;48;2;11;14;20m [m[38;2;154;165;182;48;2;23;29;39m                                                    [m[38;2;227;233;242;48;2;11;14;20m                     [m
[38;2;154;165;182;48;2;23;29;39m  [m[38;2;63;191;127;48;2;23;29;39m●[m[38;2;154;165;182;48;2;23;29;39m ready                                                                                                                             [m[38;2;107;118;134;48;2;23;29;39mj/k cards · h/l columns · ⏎ open · c cancelled · ? help · q quit[m[38;2;154;165;182;48;2;23;29;39m  [m
