[38;2;79;142;247;48;2;11;14;20m▐[m[38;2;11;14;20;48;2;79;142;247mkb[m[38;2;79;142;247;48;2;11;14;20m▌[m[1;38;2;227;233;242;48;2;11;14;20m kb visual redesign[m[38;2;107;118;134;48;2;11;14;20m  ak[m[38;2;227;233;242;48;2;11;14;20m                                      [m[38;2;63;191;127;48;2;11;14;20m✓ 3 shipped[m[38;2;107;118;134;48;2;11;14;20m  [m[1;38;2;123;132;148;48;2;11;14;20m⊘4[m
[38;2;154;165;182;48;2;23;29;39m [m[38;2;227;233;242;48;2;23;29;39m⌕ restyle[m[38;2;154;165;182;48;2;23;29;39m    [m[38;2;227;233;242;48;2;11;14;20m [m[1;38;2;255;176;32;48;2;11;14;20mfeature[m[38;2;107;118;134;48;2;11;14;20m ✕[m[38;2;227;233;242;48;2;11;14;20m                                          [m[38;2;107;118;134;48;2;11;14;20m10 of 14 cards[m
[38;2;122;162;247;48;2;23;29;39m▌[m[1;38;2;122;162;247;48;2;23;29;39m [m[38;2;122;162;247;48;2;23;29;39m1 [m[1;38;2;122;162;247;48;2;23;29;39mTO DO               4 [m[38;2;227;233;242;48;2;11;14;20m [m[1;38;2;11;14;20;48;2;242;163;60m▸ [m[38;2;11;14;20;48;2;242;163;60m2 [m[1;38;2;11;14;20;48;2;242;163;60mDOING               3 [m[38;2;227;233;242;48;2;11;14;20m [m[38;2;63;191;127;48;2;23;29;39m▌[m[1;38;2;63;191;127;48;2;23;29;39m [m[38;2;63;191;127;48;2;23;29;39m3 [m[1;38;2;63;191;127;48;2;23;29;39mDONE                3 [m
[38;2;255;90;72;48;2;37;47;61m▌[m[38;2;227;233;242;48;2;37;47;61m🐛 Drag ghost stic… [m[38;2;107;118;134;48;2;37;47;61m#142[m[38;2;227;233;242;48;2;37;47;61m [m[38;2;227;233;242;48;2;11;14;20m [m[38;2;255;90;72;48;2;37;47;61m▌[m[38;2;227;233;242;48;2;37;47;61m🎨 Semantic palett… [m[38;2;107;118;134;48;2;37;47;61m#138[m[38;2;227;233;242;48;2;37;47;61m [m[38;2;227;233;242;48;2;11;14;20m [m[38;2;255;176;32;48;2;37;47;61m▌[m[38;2;227;233;242;48;2;37;47;61m🔍 Research lipglo… [m[38;2;107;118;134;48;2;37;47;61m#139[m[38;2;227;233;242;48;2;37;47;61m [m
[38;2;255;90;72;48;2;37;47;61m▌[m[1;38;2;255;90;72;48;2;37;47;61mP1[m[38;2;227;233;242;48;2;37;47;61m [m[38;2;107;118;134;48;2;37;47;61m3d old[m[38;2;227;233;242;48;2;37;47;61m [m[38;2;255;176;32;48;2;37;47;61m⛔[m[38;2;227;233;242;48;2;37;47;61m [m[38;2;255;90;72;48;2;37;47;61m!2d[m[38;2;227;233;242;48;2;37;47;61m [m[38;2;154;165;182;48;2;37;47;61m◇M[m[38;2;227;233;242;48;2;37;47;61m [m[1;38;2;255;176;32;48;2;37;47;61mbug[m[38;2;227;233;242;48;2;37;47;61m  [m[38;2;227;233;242;48;2;11;14;20m [m[38;2;255;90;72;48;2;37;47;61m▌[m[1;38;2;255;90;72;48;2;37;47;61mP1[m[38;2;227;233;242;48;2;37;47;61m [m[38;2;107;118;134;48;2;37;47;61m6h here[m[38;2;227;233;242;48;2;37;47;61m [m[38;2;79;142;247;48;2;37;47;61m!today[m[38;2;227;233;242;48;2;37;47;61m [m[38;2;154;165;182;48;2;37;47;61m◇L[m[38;2;227;233;242;48;2;37;47;61m     [m[38;2;227;233;242;48;2;11;14;20m [m[38;2;255;176;32;48;2;37;47;61m▌[m[1;38;2;255;176;32;48;2;37;47;61mP2[m[38;2;227;233;242;48;2;37;47;61m [m[38;2;107;118;134;48;2;37;47;61mshipped[m[38;2;227;233;242;48;2;37;47;61m [m[38;2;154;165;182;48;2;37;47;61m◇M[m[38;2;227;233;242;48;2;37;47;61m [m[1;38;2;79;142;247;48;2;37;47;61mresearch[m[38;2;227;233;242;48;2;37;47;61m   [m
[38;2;255;176;32;48;2;30;38;50m▌[m[38;2;227;233;242;48;2;30;38;50m✨ Card detail ove… [m[38;2;107;118;134;48;2;30;38;50m#145[m[38;2;227;233;242;48;2;30;38;50m [m[38;2;227;233;242;48;2;11;14;20m [m[38;2;79;142;247;48;2;53;64;79m█[m[1;38;2;227;233;242;48;2;53;64;79m🧪 Golden regen fo…[m[38;2;227;233;242;48;2;53;64;79m [m[38;2;107;118;134;48;2;53;64;79m#149[m[38;2;227;233;242;48;2;53;64;79m [m[38;2;227;233;242;48;2;11;14;20m [m[38;2;79;142;247;48;2;30;38;50m▌[m[38;2;227;233;242;48;2;30;38;50m🧭 Board filter pe… [m[38;2;107;118;134;48;2;30;38;50m#133[m[38;2;227;233;242;48;2;30;38;50m [m
[38;2;255;176;32;48;2;30;38;50m▌[m[1;38;2;255;176;32;48;2;30;38;50mP2[m[38;2;227;233;242;48;2;30;38;50m [m[38;2;107;118;134;48;2;30;38;50mnew[m[38;2;227;233;242;48;2;30;38;50m [m[38;2;79;142;247;48;2;30;38;50m!in 2d[m[38;2;227;233;242;48;2;30;38;50m [m[38;2;154;165;182;48;2;30;38;50m◇S[m[38;2;227;233;242;48;2;30;38;50m [m[1;38;2;255;176;32;48;2;30;38;50mfeature[m[38;2;227;233;242;48;2;30;38;50m [m[38;2;227;233;242;48;2;11;14;20m [m[38;2;79;142;247;48;2;53;64;79m█[m[1;38;2;255;176;32;48;2;53;64;79mP2[m[38;2;227;233;242;48;2;53;64;79m [m[38;2;107;118;134;48;2;53;64;79m2d here[m[38;2;227;233;242;48;2;53;64;79m [m[38;2;255;176;32;48;2;53;64;79m⛔[m[38;2;227;233;242;48;2;53;64;79m [m[38;2;79;142;247;48;2;53;64;79m!in 4d[m[38;2;227;233;242;48;2;53;64;79m [m[38;2;154;165;182;48;2;53;64;79m◇M[m[38;2;227;233;242;48;2;53;64;79m  [m[38;2;227;233;242;48;2;11;14;20m [m[38;2;79;142;247;48;2;30;38;50m▌[m[1;38;2;79;142;247;48;2;30;38;50mP3[m[38;2;227;233;242;48;2;30;38;50m [m[38;2;107;118;134;48;2;30;38;50mshipped[m[38;2;227;233;242;48;2;30;38;50m [m[38;2;154;165;182;48;2;30;38;50m◇S[m[38;2;227;233;242;48;2;30;38;50m [m[1;38;2;255;176;32;48;2;30;38;50mfeature[m[38;2;227;233;242;48;2;30;38;50m    [m
[38;2;79;142;247;48;2;37;47;61m▌[m[38;2;227;233;242;48;2;37;47;61m🔧 Pin color profi… [m[38;2;107;118;134;48;2;37;47;61m#147[m[38;2;227;233;242;48;2;37;47;61m [m[38;2;227;233;242;48;2;11;14;20m [m[38;2;255;176;32;48;2;37;47;61m▌[m[38;2;227;233;242;48;2;37;47;61m🚀 Adaptive compac… [m[38;2;107;118;134;48;2;37;47;61m#150[m[38;2;227;233;242;48;2;37;47;61m [m[38;2;227;233;242;48;2;11;14;20m [m[38;2;184;189;199;48;2;37;47;61m▌[m[38;2;227;233;242;48;2;37;47;61m🧹 Drop the compat… [m[38;2;107;118;134;48;2;37;47;61m#131[m[38;2;227;233;242;48;2;37;47;61m [m
[38;2;79;142;247;48;2;37;47;61m▌[m[1;38;2;79;142;247;48;2;37;47;61mP3[m[38;2;227;233;242;48;2;37;47;61m [m[38;2;107;118;134;48;2;37;47;61m1d old[m[38;2;227;233;242;48;2;37;47;61m [m[38;2;154;165;182;48;2;37;47;61m◇S[m[38;2;227;233;242;48;2;37;47;61m [m[1;38;2;255;123;84;48;2;37;47;61mchore[m[38;2;227;233;242;48;2;37;47;61m       [m[38;2;227;233;242;48;2;11;14;20m [m[38;2;255;176;32;48;2;37;47;61m▌[m[1;38;2;255;176;32;48;2;37;47;61mP2[m[38;2;227;233;242;48;2;37;47;61m [m[38;2;107;118;134;48;2;37;47;61m1d here[m[38;2;227;233;242;48;2;37;47;61m [m[38;2;79;142;247;48;2;37;47;61m!today[m[38;2;227;233;242;48;2;37;47;61m [m[38;2;154;165;182;48;2;37;47;61m◇M[m[38;2;227;233;242;48;2;37;47;61m     [m[38;2;227;233;242;48;2;11;14;20m [m[38;2;184;189;199;48;2;37;47;61m▌[m[1;38;2;184;189;199;48;2;37;47;61mP4[m[38;2;227;233;242;48;2;37;47;61m [m[38;2;107;118;134;48;2;37;47;61mshipped[m[38;2;227;233;242;48;2;37;47;61m [m[38;2;154;165;182;48;2;37;47;61m◇S[m[38;2;227;233;242;48;2;37;47;61m [m[1;38;2;255;123;84;48;2;37;47;61mchore[m[38;2;227;233;242;48;2;37;47;61m      [m
[38;2;184;189;199;48;2;30;38;50m▌[m[38;2;227;233;242;48;2;30;38;50m📦 Draft v1.2 rele… [m[38;2;107;118;134;48;2;30;38;50m#151[m[38;2;227;233;242;48;2;30;38;50m [m[38;2;227;233;242;48;2;11;14;20m [m[38;2;154;165;182;48;2;23;29;39m                          [m[38;2;227;233;242;48;2;11;14;20m [m[38;2;154;165;182;48;2;23;29;39m                          [m
[38;2;184;189;199;48;2;30;38;50m▌[m[1;38;2;184;189;199;48;2;30;38;50mP4[m[38;2;227;233;242;48;2;30;38;50m [m[38;2;107;118;134;48;2;30;38;50m5d old[m[38;2;227;233;242;48;2;30;38;50m [m[38;2;154;165;182;48;2;30;38;50m◇L[m[38;2;227;233;242;48;2;30;38;50m [m[1;38;2;79;142;247;48;2;30;38;50mdocs[m[38;2;227;233;242;48;2;30;38;50m        [m[38;2;227;233;242;48;2;11;14;20m [m[38;2;154;165;182;48;2;23;29;39m                          [m[38;2;227;233;242;48;2;11;14;20m [m[38;2;154;165;182;48;2;23;29;39m                          [m
[38;2;154;165;182;48;2;23;29;39m                          [m[38;2;227;233;242;48;2;11;14;20m [m[38;2;154;165;182;48;2;23;29;39m                          [m[38;2;227;233;242;48;2;11;14;20m [m[38;2;154;165;182;48;2;23;29;39m                          [m
[38;2;154;165;182;48;2;23;29;39m                          [m[38;2;227;233;242;48;2;11;14;20m [m[38;2;154;165;182;48;2;23;29;39m                          [m[38;2;227;233;242;48;2;11;14;20m [m[38;2;154;165;182;48;2;23;29;39m                          [m
[38;2;154;165;182;48;2;23;29;39m                          [m[38;2;227;233;242;48;2;11;14;20m [m[38;2;154;165;182;48;2;23;29;39m                          [m[38;2;227;233;242;48;2;11;14;20m [m[38;2;154;165;182;48;2;23;29;39m                          [m
[38;2;154;165;182;48;2;23;29;39m                          [m[38;2;227;233;242;48;2;11;14;20m [m[38;2;154;165;182;48;2;23;29;39m                          [m[38;2;227;233;242;48;2;11;14;20m [m[38;2;154;165;182;48;2;23;29;39m                          [m
[38;2;154;165;182;48;2;23;29;39m                          [m[38;2;227;233;242;48;2;11;14;20m [m[38;2;154;165;182;48;2;23;29;39m                          [m[38;2;227;233;242;48;2;11;14;20m [m[38;2;154;165;182;48;2;23;29;39m                          [m
[38;2;154;165;182;48;2;23;29;39m                          [m[38;2;227;233;242;48;2;11;14;20m [m[38;2;154;165;182;48;2;23;29;39m                          [m[38;2;227;233;242;48;2;11;14;20m [m[38;2;154;165;182;48;2;23;29;39m                          [m
[38;2;154;165;182;48;2;23;29;39m                          [m[38;2;227;233;242;48;2;11;14;20m [m[38;2;154;165;182;48;2;23;29;39m                          [m[38;2;227;233;242;48;2;11;14;20m [m[38;2;154;165;182;48;2;23;29;39m                          [m
[38;2;154;165;182;48;2;23;29;39m                          [m[38;2;227;233;242;48;2;11;14;20m [m[38;2;154;165;182;48;2;23;29;39m                          [m[38;2;227;233;242;48;2;11;14;20m [m[38;2;154;165;182;48;2;23;29;39m                          [m
[38;2;154;165;182;48;2;23;29;39m                          [m[38;2;227;233;242;48;2;11;14;20m [m[38;2;154;165;182;48;2;23;29;39m                          [m[38;2;227;233;242;48;2;11;14;20m [m[38;2;154;165;182;48;2;23;29;39m                          [m
[38;2;154;165;182;48;2;23;29;39m                          [m[38;2;227;233;242;48;2;11;14;20m [m[38;2;154;165;182;48;2;23;29;39m                          [m[38;2;227;233;242;48;2;11;14;20m [m[38;2;154;165;182;48;2;23;29;39m                          [m
[38;2;154;165;182;48;2;23;29;39m                          [m[38;2;227;233;242;48;2;11;14;20m [m[38;2;154;165;182;48;2;23;29;39m                          [m[38;2;227;233;242;48;2;11;14;20m [m[38;2;154;165;182;48;2;23;29;39m                          [m
[38;2;154;165;182;48;2;23;29;39m                          [m[38;2;227;233;242;48;2;11;14;20m [m[38;2;154;165;182;48;2;23;29;39m                          [m[38;2;227;233;242;48;2;11;14;20m [m[38;2;154;165;182;48;2;23;29;39m                          [m
[38;2;154;165;182;48;2;23;29;39m [m[38;2;63;191;127;48;2;23;29;39m●[m[38;2;154;165;182;48;2;23;29;39m ready       [m[38;2;107;118;134;48;2;23;29;39mj/k cards · h/l columns · ⏎ open · c cancelled · ? help · q quit[m[38;2;154;165;182;48;2;23;29;39m [m
