[38;2;84;88;95;48;2;11;14;20m [m[38;2;34;58;97;48;2;11;14;20m▐[m[38;2;11;14;20;48;2;34;58;97mkb[m[38;2;34;58;97;48;2;11;14;20m▌[m[1;38;2;84;88;95;48;2;11;14;20m kb visual redesign[m[38;2;44;49;59;48;2;11;14;20m  ak[m[38;2;84;88;95;48;2;11;14;20m                                                                                   [m[38;2;29;74;56;48;2;11;14;20m✓ 3 shipped[m[38;2;44;49;59;48;2;11;14;20m  [m[38;2;49;54;64;48;2;11;14;20m▐[m[38;2;11;14;20;48;2;49;54;64m⊘ cancelled 4[m[38;2;49;54;64;48;2;11;14;20m▌[m[38;2;84;88;95;48;2;11;14;20m [m
[38;2;84;88;95;48;2;11;14;20m [m[38;2;60;65;75;48;2;15;19;26m [m[38;2;84;88;95;48;2;15;19;26m⌕ restyle[m[38;2;60;65;75;48;2;15;19;26m    [m[38;2;84;88;95;48;2;11;14;20m [m[38;2;16;21;30;48;2;11;14;20m▐[m[38;2;60;65;75;48;2;16;21;30mtype:[m[38;2;11;14;20;48;2;94;69;24mfeature[m[38;2;94;69;24;48;2;11;14;20m▌[m[38;2;44;49;59;48;2;11;14;20m ✕[m[38;2;84;88;95;48;2;11;14;20m                                                                                             [m[38;2;44;49;59;48;2;11;14;20m10 of 14 cards[m[38;2;84;88;95;48;2;11;14;20m [m
[38;2;84;88;95;48;2;11;14;20m                                                                                                                                            [m
[38;2;84;88;95;48;2;11;14;20m [m[38;2;49;64;97;48;2;15;19;26m▌[m[1;38;2;49;64;97;48;2;15;19;26m [m[38;2;49;64;97;48;2;15;19;26m1 [m[1;38;2;49;64;97;48;2;15;19;26mTO DO                                   4 [m[38;2;84;88;95;48;2;11;14;20m [m[1;38;2;11;14;20;48;2;90;65;34m▸ [m[38;2;11;14;20;48;2;90;65;34m2 [m[1;38;2;11;14;20;48;2;90;65;34mDOING                                  3 [m[38;2;84;88;95;48;2;11;14;20m [m[38;2;29;74;56;48;2;15;19;26m▌[m[1;38;2;29;74;56;48;2;15;19;26m [m[38;2;29;74;56;48;2;15;19;26m3 [m[1;38;2;29;74;56;48;2;15;19;26mDONE                                   3 [m[38;2;84;88;95;48;2;11;14;20m [m
[38;2;84;88;95;48;2;11;14;20m [m[38;2;60;65;75;48;2;15;19;26m  [m[38;2;44;49;59;48;2;15;19;26m4 cards · 1 blocked[m[38;2;60;65;75;48;2;15;19;26m                         [m[38;2;84;88;95;48;2;11;14;20m [m[38;2;60;65;75;48;2;15;19;26m  [m[38;2;44;49;59;48;2;15;19;26m3 cards · 1 blocked[m[38;2;60;65;75;48;2;15;19;26m                        [m[38;2;84;88;95;48;2;11;14;20m [m[38;2;60;65;75;48;2;15;19;26m  [m[38;2;44;49;59;48;2;15;19;26m3 cards[m[38;2;60;65;75;48;2;15;19;26m                                    [m[38;2;84;88;95;48;2;11;14;20m [m
[38;2;84;88;95;48;2;11;14;20m [m[38;2;60;65;75;48;2;15;19;26m [m[38;2;94;40;38;48;2;20;25;34m▌[m[38;2;84;88;95;48;2;20;25;34m 🐛 Drag ghost sticks after drop      [m[38;2;44;49;59;48;2;20;25;34m#142[m[38;2;84;88;95;48;2;20;25;34m [m[38;2;60;65;75;48;2;15;19;26m [m[38;2;84;88;95;48;2;11;14;20m [m[38;2;60;65;75;48;2;15;19;26m [m[38;2;94;40;38;48;2;20;25;34m▌[m[38;2;84;88;95;48;2;20;25;34m 🎨 Semantic palette + style factory [m[38;2;44;49;59;48;2;20;25;34m#138[m[38;2;84;88;95;48;2;20;25;34m [m[38;2;60;65;75;48;2;15;19;26m [m[38;2;84;88;95;48;2;11;14;20m [m[38;2;60;65;75;48;2;15;19;26m [m[38;2;94;69;24;48;2;20;25;34m▌[m[38;2;84;88;95;48;2;20;25;34m 🔍 Research lipgloss v2 patterns    [m[38;2;44;49;59;48;2;20;25;34m#139[m[38;2;84;88;95;48;2;20;25;34m [m[38;2;60;65;75;48;2;15;19;26m [m[38;2;84;88;95;48;2;11;14;20m [m
[38;2;84;88;95;48;2;11;14;20m [m[38;2;60;65;75;48;2;15;19;26m [m[38;2;94;40;38;48;2;20;25;34m▌[m[38;2;84;88;95;48;2;20;25;34m [m[1;38;2;94;40;38;48;2;20;25;34mP1[m[38;2;84;88;95;48;2;20;25;34m [m[38;2;44;49;59;48;2;20;25;34m3d old[m[38;2;84;88;95;48;2;20;25;34m [m[38;2;94;69;24;48;2;20;25;34m▐[m[38;2;11;14;20;48;2;94;69;24mblocked[m[38;2;94;69;24;48;2;20;25;34m▌[m[38;2;84;88;95;48;2;20;25;34m [m[38;2;94;40;38;48;2;20;25;34m▐[m[38;2;11;14;20;48;2;94;40;38moverdue 2d[m[38;2;94;40;38;48;2;20;25;34m▌[m[38;2;84;88;95;48;2;20;25;34m [m[38;2;60;65;75;48;2;20;25;34m◇M[m[38;2;84;88;95;48;2;20;25;34m       [m[38;2;60;65;75;48;2;15;19;26m [m[38;2;84;88;95;48;2;11;14;20m [m[38;2;60;65;75;48;2;15;19;26m [m[38;2;94;40;38;48;2;20;25;34m▌[m[38;2;84;88;95;48;2;20;25;34m [m[1;38;2;94;40;38;48;2;20;25;34mP1[m[38;2;84;88;95;48;2;20;25;34m [m[38;2;44;49;59;48;2;20;25;34m6h here[m[38;2;84;88;95;48;2;20;25;34m [m[38;2;34;58;97;48;2;20;25;34m▐[m[38;2;11;14;20;48;2;34;58;97mtoday[m[38;2;34;58;97;48;2;20;25;34m▌[m[38;2;84;88;95;48;2;20;25;34m [m[38;2;60;65;75;48;2;20;25;34m◇L[m[38;2;84;88;95;48;2;20;25;34m                    [m[38;2;60;65;75;48;2;15;19;26m [m[38;2;84;88;95;48;2;11;14;20m [m[38;2;60;65;75;48;2;15;19;26m [m[38;2;94;69;24;48;2;20;25;34m▌[m[38;2;84;88;95;48;2;20;25;34m [m[1;38;2;94;69;24;48;2;20;25;34mP2[m[38;2;84;88;95;48;2;20;25;34m [m[38;2;44;49;59;48;2;20;25;34mshipped[m[38;2;84;88;95;48;2;20;25;34m [m[38;2;60;65;75;48;2;20;25;34m◇M[m[38;2;84;88;95;48;2;20;25;34m                            [m[38;2;60;65;75;48;2;15;19;26m [m[38;2;84;88;95;48;2;11;14;20m [m
[38;2;84;88;95;48;2;11;14;20m [m[38;2;60;65;75;48;2;15;19;26m [m[38;2;94;40;38;48;2;20;25;34m▌[m[38;2;84;88;95;48;2;20;25;34m [m[38;2;16;21;30;48;2;20;25;34m▐[m[38;2;60;65;75;48;2;16;21;30mtype:[m[38;2;11;14;20;48;2;94;69;24mbug[m[38;2;94;69;24;48;2;20;25;34m▌[m[38;2;84;88;95;48;2;20;25;34m [m[38;2;29;63;43;48;2;20;25;34m▐[m[38;2;11;14;20;48;2;29;63;43m#github#12[m[38;2;29;63;43;48;2;20;25;34m▌[m[38;2;84;88;95;48;2;20;25;34m                   [m[38;2;60;65;75;48;2;15;19;26m [m[38;2;84;88;95;48;2;11;14;20m [m[38;2;60;65;75;48;2;15;19;26m [m[38;2;94;40;38;48;2;20;25;34m▌[m[38;2;84;88;95;48;2;20;25;34m [m[38;2;16;21;30;48;2;20;25;34m▐[m[38;2;60;65;75;48;2;16;21;30mtype:[m[38;2;11;14;20;48;2;94;69;24mfeature[m[38;2;94;69;24;48;2;20;25;34m▌[m[38;2;84;88;95;48;2;20;25;34m [m[38;2;16;21;30;48;2;20;25;34m▐[m[38;2;60;65;75;48;2;16;21;30marea:[m[38;2;11;14;20;48;2;34;58;97mtheme[m[38;2;34;58;97;48;2;20;25;34m▌[m[38;2;84;88;95;48;2;20;25;34m              [m[38;2;60;65;75;48;2;15;19;26m [m[38;2;84;88;95;48;2;11;14;20m [m[38;2;60;65;75;48;2;15;19;26m [m[38;2;94;69;24;48;2;20;25;34m▌[m[38;2;84;88;95;48;2;20;25;34m [m[38;2;16;21;30;48;2;20;25;34m▐[m[38;2;60;65;75;48;2;16;21;30mtype:[m[38;2;11;14;20;48;2;34;58;97mresearch[m[38;2;34;58;97;48;2;20;25;34m▌[m[38;2;84;88;95;48;2;20;25;34m                          [m[38;2;60;65;75;48;2;15;19;26m [m[38;2;84;88;95;48;2;11;14;20m [m
[38;2;84;88;95;48;2;11;14;20m [m[38;2;60;65;75;48;2;15;19;26m                                              [m[38;2;84;88;95;48;2;11;14;20m [m[38;2;60;65;75;48;2;15;19;26m                                             [m[38;2;84;88;95;48;2;11;14;20m [m[38;2;60;65;75;48;2;15;19;26m                                             [m[38;2;84;88;95;48;2;11;14;20m [m
[38;2;84;88;95;48;2;11;14;20m [m[38;2;60;65;75;48;2;15;19;26m [m[38;2;94;69;24;48;2;20;25;34m▌[m[38;2;84;88;95;48;2;20;25;34m ✨ Card detail overlay polish        [m[38;2;44;49;59;48;2;20;25;34m#145[m[38;2;84;88;95;48;2;20;25;34m [m[38;2;60;65;75;48;2;15;19;26m [m[38;2;84;88;95;48;2;11;14;20m [m[38;2;60;65;75;48;2;15;19;26m [m[38;2;34;58;97;48;2;25;31;40m█[m[38;2;84;88;95;48;2;25;31;40m [m[1;38;2;84;88;95;48;2;25;31;40m🧪 Golden regen for the restyle[m[38;2;84;88;95;48;2;25;31;40m     [m[38;2;44;49;59;48;2;25;31;40m#149[m[38;2;84;88;95;48;2;25;31;40m [m[38;2;60;65;75;48;2;15;19;26m [m[38;2;84;88;95;48;2;11;14;20m [m[38;2;60;65;75;48;2;15;19;26m [m[38;2;34;58;97;48;2;20;25;34m▌[m[38;2;84;88;95;48;2;20;25;34m 🧭 Board filter persisted in URL    [m[38;2;44;49;59;48;2;20;25;34m#133[m[38;2;84;88;95;48;2;20;25;34m [m[38;2;60;65;75;48;2;15;19;26m [m[38;2;84;88;95;48;2;11;14;20m [m
[38;2;84;88;95;48;2;11;14;20m [m[38;2;60;65;75;48;2;15;19;26m [m[38;2;94;69;24;48;2;20;25;34m▌[m[38;2;84;88;95;48;2;20;25;34m [m[1;38;2;94;69;24;48;2;20;25;34mP2[m[38;2;84;88;95;48;2;20;25;34m [m[38;2;44;49;59;48;2;20;25;34mnew[m[38;2;84;88;95;48;2;20;25;34m [m[38;2;34;58;97;48;2;20;25;34m▐[m[38;2;11;14;20;48;2;34;58;97min 2d[m[38;2;34;58;97;48;2;20;25;34m▌[m[38;2;84;88;95;48;2;20;25;34m [m[38;2;60;65;75;48;2;20;25;34m◇S[m[38;2;84;88;95;48;2;20;25;34m                         [m[38;2;60;65;75;48;2;15;19;26m [m[38;2;84;88;95;48;2;11;14;20m [m[38;2;60;65;75;48;2;15;19;26m [m[38;2;34;58;97;48;2;25;31;40m█[m[38;2;84;88;95;48;2;25;31;40m [m[1;38;2;94;69;24;48;2;25;31;40mP2[m[38;2;84;88;95;48;2;25;31;40m [m[38;2;44;49;59;48;2;25;31;40m2d here[m[38;2;84;88;95;48;2;25;31;40m [m[38;2;94;69;24;48;2;25;31;40m▐[m[38;2;11;14;20;48;2;94;69;24mblocked[m[38;2;94;69;24;48;2;25;31;40m▌[m[38;2;84;88;95;48;2;25;31;40m [m[38;2;34;58;97;48;2;25;31;40m▐[m[38;2;11;14;20;48;2;34;58;97min 4d[m[38;2;34;58;97;48;2;25;31;40m▌[m[38;2;84;88;95;48;2;25;31;40m [m[38;2;60;65;75;48;2;25;31;40m◇M[m[38;2;84;88;95;48;2;25;31;40m          [m[38;2;60;65;75;48;2;15;19;26m [m[38;2;84;88;95;48;2;11;14;20m [m[38;2;60;65;75;48;2;15;19;26m [m[38;2;34;58;97;48;2;20;25;34m▌[m[38;2;84;88;95;48;2;20;25;34m [m[1;38;2;34;58;97;48;2;20;25;34mP3[m[38;2;84;88;95;48;2;20;25;34m [m[38;2;44;49;59;48;2;20;25;34mshipped[m[38;2;84;88;95;48;2;20;25;34m [m[38;2;60;65;75;48;2;20;25;34m◇S[m[38;2;84;88;95;48;2;20;25;34m                            [m[38;2;60;65;75;48;2;15;19;26m [m[38;2;84;88;95;48;2;11;14;20m [m
[38;2;84;88;95;48;2;11;14;20m [m[38;2;60;65;75;48;2;15;19;26m [m[38;2;94;69;24;48;2;20;25;34m▌[m[38;2;84;88;95;48;2;20;25;34m [m[38;2;16;21;30;48;2;20;25;34m▐[m[38;2;60;65;75;48;2;16;21;30mtype:[m[38;2;11;14;20;48;2;94;69;24mfeature[m[38;2;94;69;24;48;2;20;25;34m▌[m[38;2;84;88;95;48;2;20;25;34m [m[38;2;16;21;30;48;2;20;25;34m▐[m[38;2;60;65;75;48;2;16;21;30marea:[m[38;2;11;14;20;48;2;70;56;97mtui[m[38;2;70;56;97;48;2;20;25;34m▌[m[38;2;84;88;95;48;2;20;25;34m                 [m[38;2;60;65;75;48;2;15;19;26m [m[38;2;84;88;95;48;2;11;14;20m [m[38;2;60;65;75;48;2;15;19;26m [m[38;2;34;58;97;48;2;25;31;40m█[m[38;2;84;88;95;48;2;25;31;40m [m[38;2;16;21;30;48;2;25;31;40m▐[m[38;2;60;65;75;48;2;16;21;30mtype:[m[38;2;11;14;20;48;2;94;69;24mtest[m[38;2;94;69;24;48;2;25;31;40m▌[m[38;2;84;88;95;48;2;25;31;40m [m[38;2;94;69;24;48;2;25;31;40m▐[m[38;2;11;14;20;48;2;94;69;24m#github#41[m[38;2;94;69;24;48;2;25;31;40m▌[m[38;2;84;88;95;48;2;25;31;40m                 [m[38;2;60;65;75;48;2;15;19;26m [m[38;2;84;88;95;48;2;11;14;20m [m[38;2;60;65;75;48;2;15;19;26m [m[38;2;34;58;97;48;2;20;25;34m▌[m[38;2;84;88;95;48;2;20;25;34m [m[38;2;16;21;30;48;2;20;25;34m▐[m[38;2;60;65;75;48;2;16;21;30mtype:[m[38;2;11;14;20;48;2;94;69;24mfeature[m[38;2;94;69;24;48;2;20;25;34m▌[m[38;2;84;88;95;48;2;20;25;34m                           [m[38;2;60;65;75;48;2;15;19;26m [m[38;2;84;88;95;48;2;11;14;20m [m
[38;2;84;88;95;48;2;11;14;20m [m[38;2;60;65;75;48;2;15;19;26m                                              [m[38;2;84;88;95;48;2;11;14;20m [m[38;2;60;65;75;48;2;15;19;26m                                             [m[38;2;84;88;95;48;2;11;14;20m [m[38;2;60;65;75;48;2;15;19;26m                                             [m[38;2;84;88;95;48;2;11;14;20m [m
[38;2;84;88;95;48;2;11;14;20m [m[38;2;60;65;75;48;2;15;19;26m [m[38;2;34;58;97;48;2;20;25;34m▌[m[38;2;84;88;95;48;2;20;25;34m 🔧 Pin color profile in golden[m[38;2;11;14;20;48;2;79;142;247m  [m[1;38;2;11;14;20;48;2;79;142;247m🧪 Golden regen for the restyle[m[38;2;11;14;20;48;2;79;142;247m                                  #149 [m[38;2;84;88;95;48;2;20;25;34mhe compat package          [m[38;2;44;49;59;48;2;20;25;34m#131[m[38;2;84;88;95;48;2;20;25;34m [m[38;2;60;65;75;48;2;15;19;26m [m[38;2;84;88;95;48;2;11;14;20m [m
[38;2;84;88;95;48;2;11;14;20m [m[38;2;60;65;75;48;2;15;19;26m [m[38;2;34;58;97;48;2;20;25;34m▌[m[38;2;84;88;95;48;2;20;25;34m [m[1;38;2;34;58;97;48;2;20;25;34mP3[m[38;2;84;88;95;48;2;20;25;34m [m[38;2;44;49;59;48;2;20;25;34m1d old[m[38;2;84;88;95;48;2;20;25;34m [m[38;2;60;65;75;48;2;20;25;34m◇S[m[38;2;84;88;95;48;2;20;25;34m                  [m[38;2;227;233;242;48;2;60;73;92m                                                                        [m[38;2;5;7;10;48;2;5;7;10m [m[38;2;84;88;95;48;2;20;25;34m [m[38;2;60;65;75;48;2;20;25;34m◇S[m[38;2;84;88;95;48;2;20;25;34m                            [m[38;2;60;65;75;48;2;15;19;26m [m[38;2;84;88;95;48;2;11;14;20m [m
[38;2;84;88;95;48;2;11;14;20m [m[38;2;60;65;75;48;2;15;19;26m [m[38;2;34;58;97;48;2;20;25;34m▌[m[38;2;84;88;95;48;2;20;25;34m [m[38;2;16;21;30;48;2;20;25;34m▐[m[38;2;60;65;75;48;2;16;21;30mtype:[m[38;2;11;14;20;48;2;94;51;42mchore[m[38;2;94;51;42;48;2;20;25;34m▌[m[38;2;84;88;95;48;2;20;25;34m                  [m[38;2;227;233;242;48;2;60;73;92m  [m[1;38;2;255;176;32;48;2;60;73;92mP2[m[38;2;227;233;242;48;2;60;73;92m [m[38;2;107;118;134;48;2;60;73;92m2d here[m[38;2;227;233;242;48;2;60;73;92m [m[38;2;255;176;32;48;2;60;73;92m▐[m[38;2;11;14;20;48;2;255;176;32mblocked[m[38;2;255;176;32;48;2;60;73;92m▌[m[38;2;227;233;242;48;2;60;73;92m [m[38;2;79;142;247;48;2;60;73;92m▐[m[38;2;11;14;20;48;2;79;142;247min 4d[m[38;2;79;142;247;48;2;60;73;92m▌[m[38;2;227;233;242;48;2;60;73;92m [m[38;2;154;165;182;48;2;60;73;92m◇M[m[38;2;227;233;242;48;2;60;73;92m [m[38;2;27;35;48;48;2;60;73;92m▐[m[38;2;154;165;182;48;2;27;35;48mtype:[m[38;2;11;14;20;48;2;255;176;32mtest[m[38;2;255;176;32;48;2;60;73;92m▌[m[38;2;227;233;242;48;2;60;73;92m [m[38;2;255;176;32;48;2;60;73;92m▐[m[38;2;11;14;20;48;2;255;176;32m#github#41[m[38;2;255;176;32;48;2;60;73;92m▌[m[38;2;227;233;242;48;2;60;73;92m              [m[38;2;5;7;10;48;2;5;7;10m [m[38;2;11;14;20;48;2;94;51;42me[m[38;2;94;51;42;48;2;20;25;34m▌[m[38;2;84;88;95;48;2;20;25;34m                             [m[38;2;60;65;75;48;2;15;19;26m [m[38;2;84;88;95;48;2;11;14;20m [m
[38;2;84;88;95;48;2;11;14;20m [m[38;2;60;65;75;48;2;15;19;26m                                 [m[38;2;107;118;134;48;2;74;89;112m  [m[1;38;2;154;165;182;48;2;74;89;112mDETAIL[m[38;2;107;118;134;48;2;74;89;112m                                                                [m[38;2;5;7;10;48;2;5;7;10m [m[38;2;60;65;75;48;2;15;19;26m                                [m[38;2;84;88;95;48;2;11;14;20m [m
[38;2;84;88;95;48;2;11;14;20m [m[38;2;60;65;75;48;2;15;19;26m [m[38;2;70;73;81;48;2;20;25;34m▌[m[38;2;84;88;95;48;2;20;25;34m 📦 Draft v1.2 release notes   [m[38;2;227;233;242;48;2;60;73;92m  [m[38;2;107;118;134;48;2;60;73;92mstatus[m[38;2;227;233;242;48;2;60;73;92m      DOING · moved 2d ago                                      [m[38;2;5;7;10;48;2;5;7;10m [m[38;2;60;65;75;48;2;15;19;26m                                [m[38;2;84;88;95;48;2;11;14;20m [m
[38;2;84;88;95;48;2;11;14;20m [m[38;2;60;65;75;48;2;15;19;26m [m[38;2;70;73;81;48;2;20;25;34m▌[m[38;2;84;88;95;48;2;20;25;34m [m[1;38;2;70;73;81;48;2;20;25;34mP4[m[38;2;84;88;95;48;2;20;25;34m [m[38;2;44;49;59;48;2;20;25;34m5d old[m[38;2;84;88;95;48;2;20;25;34m [m[38;2;60;65;75;48;2;20;25;34m◇L[m[38;2;84;88;95;48;2;20;25;34m                  [m[38;2;227;233;242;48;2;60;73;92m  [m[38;2;107;118;134;48;2;60;73;92massignee[m[38;2;227;233;242;48;2;60;73;92m    ak                                                        [m[38;2;5;7;10;48;2;5;7;10m [m[38;2;60;65;75;48;2;15;19;26m                                [m[38;2;84;88;95;48;2;11;14;20m [m
[38;2;84;88;95;48;2;11;14;20m [m[38;2;60;65;75;48;2;15;19;26m [m[38;2;70;73;81;48;2;20;25;34m▌[m[38;2;84;88;95;48;2;20;25;34m [m[38;2;16;21;30;48;2;20;25;34m▐[m[38;2;60;65;75;48;2;16;21;30mtype:[m[38;2;11;14;20;48;2;34;58;97mdocs[m[38;2;34;58;97;48;2;20;25;34m▌[m[38;2;84;88;95;48;2;20;25;34m                   [m[38;2;227;233;242;48;2;60;73;92m  [m[38;2;107;118;134;48;2;60;73;92mcreated[m[38;2;227;233;242;48;2;60;73;92m     2026-08-13                                                [m[38;2;5;7;10;48;2;5;7;10m [m[38;2;60;65;75;48;2;15;19;26m                                [m[38;2;84;88;95;48;2;11;14;20m [m
[38;2;84;88;95;48;2;11;14;20m [m[38;2;60;65;75;48;2;15;19;26m                                 [m[38;2;227;233;242;48;2;60;73;92m  [m[38;2;107;118;134;48;2;60;73;92mblocked by[m[38;2;227;233;242;48;2;60;73;92m  #142 drag ghost regression                                [m[38;2;5;7;10;48;2;5;7;10m [m[38;2;60;65;75;48;2;15;19;26m                                [m[38;2;84;88;95;48;2;11;14;20m [m
[38;2;84;88;95;48;2;11;14;20m [m[38;2;60;65;75;48;2;15;19;26m                                 [m[38;2;227;233;242;48;2;60;73;92m                                                                        [m[38;2;5;7;10;48;2;5;7;10m [m[38;2;60;65;75;48;2;15;19;26m                                [m[38;2;84;88;95;48;2;11;14;20m [m
[38;2;84;88;95;48;2;11;14;20m [m[38;2;60;65;75;48;2;15;19;26m                                 [m[38;2;227;233;242;48;2;60;73;92m  [m[38;2;154;165;182;48;2;60;73;92mRegenerate every golden after the restyle lands. Pin the[m[38;2;227;233;242;48;2;60;73;92m              [m[38;2;5;7;10;48;2;5;7;10m [m[38;2;60;65;75;48;2;15;19;26m                                [m[38;2;84;88;95;48;2;11;14;20m [m
[38;2;84;88;95;48;2;11;14;20m [m[38;2;60;65;75;48;2;15;19;26m                                 [m[38;2;227;233;242;48;2;60;73;92m  [m[38;2;154;165;182;48;2;60;73;92mcolor profile in teatest so CI and local truecolor agree.[m[38;2;227;233;242;48;2;60;73;92m             [m[38;2;5;7;10;48;2;5;7;10m [m[38;2;60;65;75;48;2;15;19;26m                                [m[38;2;84;88;95;48;2;11;14;20m [m
[38;2;84;88;95;48;2;11;14;20m [m[38;2;60;65;75;48;2;15;19;26m                                 [m[38;2;227;233;242;48;2;60;73;92m                                                                        [m[38;2;5;7;10;48;2;5;7;10m [m[38;2;60;65;75;48;2;15;19;26m                                [m[38;2;84;88;95;48;2;11;14;20m [m
[38;2;84;88;95;48;2;11;14;20m [m[38;2;60;65;75;48;2;15;19;26m                                 [m[38;2;154;165;182;48;2;74;89;112m  e edit · x cancel · t move · esc close                                [m[38;2;5;7;10;48;2;5;7;10m [m[38;2;60;65;75;48;2;15;19;26m                                [m[38;2;84;88;95;48;2;11;14;20m [m
[38;2;84;88;95;48;2;11;14;20m [m[38;2;60;65;75;48;2;15;19;26m                                  [m[38;2;5;7;10;48;2;5;7;10m                                                                        [m[38;2;60;65;75;48;2;15;19;26m                                [m[38;2;84;88;95;48;2;11;14;20m [m
[38;2;84;88;95;48;2;11;14;20m [m[38;2;60;65;75;48;2;15;19;26m                                              [m[38;2;84;88;95;48;2;11;14;20m [m[38;2;60;65;75;48;2;15;19;26m                                             [m[38;2;84;88;95;48;2;11;14;20m [m[38;2;60;65;75;48;2;15;19;26m                                             [m[38;2;84;88;95;48;2;11;14;20m [m
[38;2;84;88;95;48;2;11;14;20m [m[38;2;60;65;75;48;2;15;19;26m                                              [m[38;2;84;88;95;48;2;11;14;20m [m[38;2;60;65;75;48;2;15;19;26m                                             [m[38;2;84;88;95;48;2;11;14;20m [m[38;2;60;65;75;48;2;15;19;26m                                             [m[38;2;84;88;95;48;2;11;14;20m [m
[38;2;84;88;95;48;2;11;14;20m [m[38;2;60;65;75;48;2;15;19;26m                                              [m[38;2;84;88;95;48;2;11;14;20m [m[38;2;60;65;75;48;2;15;19;26m                                             [m[38;2;84;88;95;48;2;11;14;20m [m[38;2;60;65;75;48;2;15;19;26m                                             [m[38;2;84;88;95;48;2;11;14;20m [m
[38;2;84;88;95;48;2;11;14;20m [m[38;2;60;65;75;48;2;15;19;26m                                              [m[38;2;84;88;95;48;2;11;14;20m [m[38;2;60;65;75;48;2;15;19;26m                                             [m[38;2;84;88;95;48;2;11;14;20m [m[38;2;60;65;75;48;2;15;19;26m                                             [m[38;2;84;88;95;48;2;11;14;20m [m
[38;2;84;88;95;48;2;11;14;20m [m[38;2;60;65;75;48;2;15;19;26m                                              [m[38;2;84;88;95;48;2;11;14;20m [m[38;2;60;65;75;48;2;15;19;26m                                             [m[38;2;84;88;95;48;2;11;14;20m [m[38;2;60;65;75;48;2;15;19;26m                                             [m[38;2;84;88;95;48;2;11;14;20m [m
[38;2;84;88;95;48;2;11;14;20m [m[38;2;60;65;75;48;2;15;19;26m                                              [m[38;2;84;88;95;48;2;11;14;20m [m[38;2;60;65;75;48;2;15;19;26m                                             [m[38;2;84;88;95;48;2;11;14;20m [m[38;2;60;65;75;48;2;15;19;26m                                             [m[38;2;84;88;95;48;2;11;14;20m [m
[38;2;84;88;95;48;2;11;14;20m [m[38;2;60;65;75;48;2;15;19;26m                                              [m[38;2;84;88;95;48;2;11;14;20m [m[38;2;60;65;75;48;2;15;19;26m                                             [m[38;2;84;88;95;48;2;11;14;20m [m[38;2;60;65;75;48;2;15;19;26m                                             [m[38;2;84;88;95;48;2;11;14;20m [m
[38;2;84;88;95;48;2;11;14;20m [m[38;2;60;65;75;48;2;15;19;26m                                              [m[38;2;84;88;95;48;2;11;14;20m [m[38;2;60;65;75;48;2;15;19;26m                                             [m[38;2;84;88;95;48;2;11;14;20m [m[38;2;60;65;75;48;2;15;19;26m                                             [m[38;2;84;88;95;48;2;11;14;20m [m
[38;2;84;88;95;48;2;11;14;20m [m[38;2;60;65;75;48;2;15;19;26m                                              [m[38;2;84;88;95;48;2;11;14;20m [m[38;2;60;65;75;48;2;15;19;26m                                             [m[38;2;84;88;95;48;2;11;14;20m [m[38;2;60;65;75;48;2;15;19;26m                                             [m[38;2;84;88;95;48;2;11;14;20m [m
[38;2;84;88;95;48;2;11;14;20m [m[38;2;60;65;75;48;2;15;19;26m                                              [m[38;2;84;88;95;48;2;11;14;20m [m[38;2;60;65;75;48;2;15;19;26m                                             [m[38;2;84;88;95;48;2;11;14;20m [m[38;2;60;65;75;48;2;15;19;26m                                             [m[38;2;84;88;95;48;2;11;14;20m [m
[38;2;84;88;95;48;2;11;14;20m [m[38;2;60;65;75;48;2;15;19;26m                                              [m[38;2;84;88;95;48;2;11;14;20m [m[38;2;60;65;75;48;2;15;19;26m                                             [m[38;2;84;88;95;48;2;11;14;20m [m[38;2;60;65;75;48;2;15;19;26m                                             [m[38;2;84;88;95;48;2;11;14;20m [m
[38;2;84;88;95;48;2;11;14;20m [m[38;2;60;65;75;48;2;15;19;26m                                              [m[38;2;84;88;95;48;2;11;14;20m [m[38;2;60;65;75;48;2;15;19;26m                                             [m[38;2;84;88;95;48;2;11;14;20m [m[38;2;60;65;75;48;2;15;19;26m                                             [m[38;2;84;88;95;48;2;11;14;20m [m
[38;2;60;65;75;48;2;15;19;26m  [m[38;2;29;74;56;48;2;15;19;26m●[m[38;2;60;65;75;48;2;15;19;26m ready                                                                 [m[38;2;44;49;59;48;2;15;19;26mj/k cards · h/l columns · ⏎ open · c cancelled · ? help · q quit[m[38;2;60;65;75;48;2;15;19;26m  [m
